tree
version=v4
num_class=1
num_tree_per_iteration=1
label_index=0
max_feature_idx=21
objective=quantile
feature_names=Column_0 Column_1 Column_2 Column_3 Column_4 Column_5 Column_6 Column_7 Column_8 Column_9 Column_10 Column_11 Column_12 Column_13 Column_14 Column_15 Column_16 Column_17 Column_18 Column_19 Column_20 Column_21
feature_infos=[3.8250012595449858:8.0025021664110056] [2.9600000381469727:6.7699999809265137] [5.755000114440918:14.399999618530273] [1370:2822] [3.8250012595449858:8.0025021664110056] [3.8250012595449858:8.0025021664110056] [3.8250012595449858:8.0025021664110056] [3.8250012595449858:8.0025021664110056] [3.8250012595449858:8.0025021664110056] [3.8250012595449858:8.0025021664110056] [3.109719111473856:8.0025021664110056] [3.8915906007990086:7.922449918787394] [3.9951053301251727:7.7630479140870321] [4.1643582574604956:7.313794523562847] [4.3357232480644816:7.1227510993336232] [0.062588336455152577:0.51309032248165554] [112.54759979248047:129.86639404296875] [156.3800048828125:255.30299377441406] [2021:2025] [1:52] [1:12] [1:4]
tree_sizes=577 827 597 616 738 603 605 605 606 605 642 723 644 739 644 722 706 718 716 706 708 705 627 703 703 741 793 608 692 693 696 696 646 683 706 724 709 836 838 726 710 728 625 904 847 823 922 995 1031 1101 928 1006 925 928 937 1008 1101 1124 1089 967 928 1303 1090 1095 1096 885 1081 980 970 998 1023 1314 1123 1091 1311 1229 1124 1101 1093 1088 1114 1216 1305 1169 1287 1249 1402 1123 996 1164 1239 1102 1127 1233 1123 1227 1436 1326 1309 1106 1120 1211

Tree=0
num_leaves=5
num_cat=0
split_feature=0 0 1 0
split_gain=14.2231 0.666667 0.0491453 4.44089e-16
threshold=4.3406482394490427 4.103237078304109 3.6037499904632573 6.987162284307094
decision_type=2 2 2 2
left_child=1 -1 -2 -4
right_child=2 -3 3 -5
leaf_value=4.2313331425674043 4.2529743528920658 4.240907499808797 4.2658464313881188 4.3833405232925857
leaf_weight=12.000000000000002 18 11.999999999999998 116 22
leaf_count=12 18 12 116 22
internal_value=4.25019 4.21436 4.2557 4.25602
internal_weight=180 24 156 138
internal_count=180 24 156 138
is_linear=0
shrinkage=1


Tree=1
num_leaves=7
num_cat=0
split_feature=0 15 2 1 1 1
split_gain=12.8259 0.744048 0.0935897 2.22045e-16 5.55112e-17 2.77556e-17
threshold=4.3406482394490427 0.153643389401944 6.6575000286102304 5.1562500000000009 5.9974999427795419 5.4974999427795419
decision_type=2 2 2 2 2 2
left_child=1 -1 -2 -4 5 -5
right_child=2 -3 3 4 -6 -7
leaf_value=-0.0084779368577243552 0.0049782570895863468 -0.019132120892076988 0.0093690509264562748 0.11666635132653452 0.14066003245399653 0.12492438217107736
leaf_weight=14.000000000000002 9.9999999999999982 9.9999999999999982 116 10.000000000000005 9.9999999999999982 9.9999999999999982
leaf_count=14 10 10 116 10 10 10
internal_value=-0.000555555 -0.0345833 0.00467949 0.005 0.005 0.005
internal_weight=180 24 156 146 30 20
internal_count=180 24 156 146 30 20
is_linear=0
shrinkage=0.05


Tree=2
num_leaves=5
num_cat=0
split_feature=1 1 6 1
split_gain=11.0084 1.2164 0.720256 2.22045e-16
threshold=3.3162499666213994 3.6162500381469731 4.4443978012853522 5.4974999427795419
decision_type=2 2 2 2
left_child=-1 2 -2 -3
right_child=1 3 -4 -5
leaf_value=-0.015681321470405376 0.0057564492469159654 0.01405965809036438 -0.0026126556671561829 0.11869425151558698
leaf_weight=19 13.000000000000002 116 11.999999999999998 20
leaf_count=19 13 116 12 20
internal_value=-0.00111111 0.00313665 -0.007 0.005
internal_weight=180 161 25 136
internal_count=180 161 25 136
is_linear=0
shrinkage=0.05


Tree=3
num_leaves=5
num_cat=0
split_feature=1 1 14 1
split_gain=10.0988 1.45122 1.0859 2.22045e-16
threshold=3.2474999427795415 3.6162500381469731 4.9906420480483416 5.4974999427795419
decision_type=2 2 2 2
left_child=-1 2 -2 -3
right_child=1 3 -4 -5
leaf_value=-0.015783224810492946 -0.0075297297137700827 0.013356675185846179 0.0036996510082068488 0.11275953893980764
leaf_weight=15.999999999999998 13.000000000000002 116 14.999999999999998 20
leaf_count=16 13 116 15 20
internal_value=-0.000833333 0.00286585 -0.0075 0.005
internal_weight=180 164 28 136
internal_count=180 164 28 136
is_linear=0
shrinkage=0.05


Tree=4
num_leaves=6
num_cat=0
split_feature=0 1 15 7 0
split_gain=11.0626 0.71499 0.740741 0.0836627 2.22045e-16
threshold=4.1804221323819748 3.6037499904632573 0.11985202856695464 4.436448017068594 7.2772607611049382
decision_type=2 2 2 2 2
left_child=-1 2 -2 -3 -5
right_child=1 3 -4 4 -6
leaf_value=-0.015289386707837594 -0.0059271906325561495 0.010825016088956163 0.0058283506869758923 0.013491882971609437 0.12431627306156634
leaf_weight=14.999999999999998 15.000000000000002 10.999999999999998 11.999999999999998 116 10.999999999999998
leaf_count=15 15 11 12 116 11
internal_value=-0.000555555 0.00318182 -0.00425926 0.00463768 0.005
internal_weight=180 165 27 138 127
internal_count=180 165 27 138 127
is_linear=0
shrinkage=0.05


Tree=5
num_leaves=5
num_cat=0
split_feature=0 4 0 0
split_gain=6.54914 0.157866 0.218182 2.22045e-16
threshold=4.3406482394490427 4.5300625263300311 4.4415703234686648 6.8881918729179317
decision_type=2 2 2 2
left_child=-1 2 -2 -3
right_child=1 3 -4 -5
leaf_value=-0.0092282268518586452 0.0025902714955572982 0.013662625813026796 -0.00041449203452403345 0.110365112669724
leaf_weight=19 12.000000000000002 116 9.9999999999999982 29
leaf_count=19 12 116 10 29
internal_value=0.00123656 0.0044012 0.000454546 0.005
internal_weight=186 167 22 145
internal_count=186 167 22 145
is_linear=0
shrinkage=0.05


Tree=6
num_leaves=5
num_cat=0
split_feature=0 4 1 0
split_gain=5.36855 0.355199 0.490909 2.22045e-16
threshold=4.3406482394490427 4.5300625263300311 3.6037499904632573 6.8881918729179317
decision_type=2 2 2 2
left_child=-1 2 -2 -3
right_child=1 3 -4 -5
leaf_value=-0.0087668155092657241 0.0054175578092629665 0.012979494522375479 -0.00039376743279781489 0.10484685703623781
leaf_weight=19 12.000000000000002 116 9.9999999999999982 29
leaf_count=19 12 116 10 29
internal_value=0.00123656 0.0041018 -0.00181818 0.005
internal_weight=186 167 22 145
internal_count=186 167 22 145
is_linear=0
shrinkage=0.05


Tree=7
num_leaves=5
num_cat=0
split_feature=0 4 1 0
split_gain=5.36855 0.355199 0.490909 2.22045e-16
threshold=4.3406482394490427 4.5300625263300311 3.6037499904632573 6.8881918729179317
decision_type=2 2 2 2
left_child=-1 2 -2 -3
right_child=1 3 -4 -5
leaf_value=-0.0083284747338024274 0.0051466799187998048 0.012330519796256701 -0.00037407906115791167 0.09960451418442591
leaf_weight=19 12.000000000000002 116 9.9999999999999982 29
leaf_count=19 12 116 10 29
internal_value=0.00123656 0.0041018 -0.00181818 0.005
internal_weight=186 167 22 145
internal_count=186 167 22 145
is_linear=0
shrinkage=0.05


Tree=8
num_leaves=5
num_cat=0
split_feature=0 4 1 0
split_gain=5.36855 0.355199 0.490909 2.22045e-16
threshold=4.3406482394490427 4.5300625263300311 3.6037499904632573 6.8881918729179317
decision_type=2 2 2 2
left_child=-1 2 -2 -3
right_child=1 3 -4 -5
leaf_value=-0.0079120509971123184 0.0048893459228597927 0.011713993806443846 -0.00035537510810003696 0.094624288475204613
leaf_weight=19 12.000000000000002 116 9.9999999999999982 29
leaf_count=19 12 116 10 29
internal_value=0.00123656 0.0041018 -0.00181818 0.005
internal_weight=186 167 22 145
internal_count=186 167 22 145
is_linear=0
shrinkage=0.05


Tree=9
num_leaves=5
num_cat=0
split_feature=0 4 1 0
split_gain=5.36855 0.355199 0.490909 2.22045e-16
threshold=4.3406482394490427 4.5300625263300311 3.6037499904632573 6.8881918729179317
decision_type=2 2 2 2
left_child=-1 2 -2 -3
right_child=1 3 -4 -5
leaf_value=-0.0075164484472566963 0.004644878626716812 0.011128294116121663 -0.00033760635269503594 0.089893074051444408
leaf_weight=19 12.000000000000002 116 9.9999999999999982 29
leaf_count=19 12 116 10 29
internal_value=0.00123656 0.0041018 -0.00181818 0.005
internal_weight=186 167 22 145
internal_count=186 167 22 145
is_linear=0
shrinkage=0.05


Tree=10
num_leaves=5
num_cat=0
split_feature=1 0 15 4
split_gain=3.6767 0.966667 1.52785 0.0840125
threshold=3.2175000905990605 4.5061459593628888 0.11704592732216777 4.5725024981226552
decision_type=2 2 2 2
left_child=-1 2 -2 -3
right_child=1 3 -4 -5
leaf_value=-0.010665377740624749 -0.0053170418030041491 0.0073950859163263273 0.0010815384817773701 0.012558081761230858
leaf_weight=10.999999999999998 13.000000000000002 10.999999999999998 15.999999999999998 134
leaf_count=11 13 11 16 134
internal_value=0.00121622 0.00298851 -0.00534483 0.00465517
internal_weight=185 174 29 145
internal_count=185 174 29 145
is_linear=0
shrinkage=0.05


Tree=11
num_leaves=6
num_cat=0
split_feature=1 1 15 2 1
split_gain=3.74793 0.761399 0.705128 0.0932432 4.44089e-16
threshold=3.2175000905990605 3.6037499904632573 0.11985202856695464 6.773750066757203 5.5387499332427987
decision_type=2 2 2 2 2
left_child=-1 2 -2 -3 -5
right_child=1 3 -4 4 -6
leaf_value=-0.010132108853593502 -0.0050435640758811594 0.0048944604671874656 0.001794224728577481 0.010041753508595578 0.086290018367322419
leaf_weight=10.999999999999998 15.000000000000002 9.9999999999999982 10.999999999999998 116 22
leaf_count=11 15 10 11 116 22
internal_value=0.00148649 0.00327586 -0.00461538 0.00466216 0.005
internal_weight=185 174 26 148 138
internal_count=185 174 26 148 138
is_linear=0
shrinkage=0.05


Tree=12
num_leaves=5
num_cat=0
split_feature=1 0 15 4
split_gain=3.6767 0.966667 1.52785 0.0840125
threshold=3.2175000905990605 4.5061459593628888 0.11704592732216777 4.5725024981226552
decision_type=2 2 2 2
left_child=-1 2 -2 -3
right_child=1 3 -4 -5
leaf_value=-0.0096255034109138382 -0.0047990115090598886 0.0065232439489152812 0.00097064965271720502 0.011597460951642935
leaf_weight=10.999999999999998 13.000000000000002 10.999999999999998 15.999999999999998 134
leaf_count=11 13 11 16 134
internal_value=0.00121622 0.00298851 -0.00534483 0.00465517
internal_weight=185 174 29 145
internal_count=185 174 29 145
is_linear=0
shrinkage=0.05


Tree=13
num_leaves=6
num_cat=0
split_feature=1 0 15 2 0
split_gain=3.6767 0.966667 1.52785 0.0700265 2.22045e-16
threshold=3.2175000905990605 4.5061459593628888 0.11704592732216777 6.773750066757203 7.5276985382482797
decision_type=2 2 2 2 2
left_child=-1 2 -2 -3 -5
right_child=1 3 -4 4 -6
leaf_value=-0.0091442282403681584 -0.0045590609336069029 0.002597137592485694 0.00092211717008135034 0.011495943770039086 0.085349557280587005
leaf_weight=10.999999999999998 13.000000000000002 12.999999999999998 15.999999999999998 122 9.9999999999999982
leaf_count=11 13 13 16 122 10
internal_value=0.00121622 0.00298851 -0.00534483 0.00465517 0.005
internal_weight=185 174 29 145 132
internal_count=185 174 29 145 132
is_linear=0
shrinkage=0.05


Tree=14
num_leaves=5
num_cat=0
split_feature=1 0 15 4
split_gain=3.74793 0.662069 1.06101 0.0840125
threshold=3.2175000905990605 4.5061459593628888 0.11704592732216777 4.5725024981226552
decision_type=2 2 2 2
left_child=-1 2 -2 -3
right_child=1 3 -4 -5
leaf_value=-0.0086870168283497591 -0.004331107886926552 0.0056222845695977101 0.00087601131157726399 0.010503589271888832
leaf_weight=10.999999999999998 13.000000000000002 10.999999999999998 15.999999999999998 134
leaf_count=11 13 11 16 134
internal_value=0.00148649 0.00327586 -0.00362069 0.00465517
internal_weight=185 174 29 145
internal_count=185 174 29 145
is_linear=0
shrinkage=0.05


Tree=15
num_leaves=6
num_cat=0
split_feature=4 2 15 0 0
split_gain=6.09524 0.930059 0.0846591 2.22045e-16 2.22045e-16
threshold=4.1869114647363928 6.773750066757203 0.091611758074603922 7.5276985382482797 6.6618305459415383
decision_type=2 2 2 2 2
left_child=-1 -2 -3 4 -4
right_child=1 2 3 -5 -6
leaf_value=-0.010319927929657746 -0.0033931603477793254 0.0023523323925642354 0.0052933862011862896 0.08055689995296321 0.085399676123972201
leaf_weight=13.999999999999998 14.999999999999998 10.999999999999998 110 9.9999999999999982 29
leaf_count=14 15 11 110 10 29
internal_value=0.00103175 0.00357143 0.0046875 0.005 0.005
internal_weight=189 175 160 149 139
internal_count=189 175 160 149 139
is_linear=0
shrinkage=0.05


Tree=16
num_leaves=6
num_cat=0
split_feature=0 10 15 8 0
split_gain=4.86407 1.54286 0.278788 0.566667 4.44089e-16
threshold=4.3406482394490427 4.8737588029186014 0.10245995069775365 4.7650296077992049 7.1183429599527726
decision_type=2 2 2 2 2
left_child=1 -1 3 -2 -4
right_child=2 -3 4 -5 -6
leaf_value=-0.00051030831775646828 -0.0026038456387221876 -0.0098039315331748707 0.0072280395786691503 0.0036736713728804911 0.071605197506077328
leaf_weight=10.000000000000002 10.000000000000002 13.999999999999998 116 17 22
leaf_count=10 10 14 116 17 22
internal_value=0.00103175 -0.02 0.00409091 -0.000555555 0.005
internal_weight=189 24 165 27 138
internal_count=189 24 165 27 138
is_linear=0
shrinkage=0.05


Tree=17
num_leaves=6
num_cat=0
split_feature=0 10 5 6 0
split_gain=4.74247 1.54286 0.454754 1.04828 2.22045e-16
threshold=4.3406482394490427 4.8737588029186014 4.6061064683472752 4.5725024981226552 4.7308218677719145
decision_type=2 2 2 2 2
left_child=1 -1 3 -2 -4
right_child=2 -3 4 -5 -6
leaf_value=-0.00048479290186864596 0.0049244503346959007 -0.0093137349565161291 0.0058213482782175615 -0.002473653356786073 0.018275967322875397
leaf_weight=10.000000000000002 19.000000000000004 13.999999999999998 20 9.9999999999999982 116
leaf_count=10 19 14 20 10 116
internal_value=0.000767196 -0.02 0.00378788 -0.00189655 0.005
internal_weight=189 24 165 29 136
internal_count=189 24 165 29 136
is_linear=0
shrinkage=0.05


Tree=18
num_leaves=6
num_cat=0
split_feature=0 2 5 6 0
split_gain=4.74247 1.54286 0.454754 1.04828 2.22045e-16
threshold=4.3406482394490427 8.4974999427795428 4.6061064683472752 4.5725024981226552 4.7308218677719145
decision_type=2 2 2 2 2
left_child=1 -1 3 -2 -4
right_child=2 -3 4 -5 -6
leaf_value=-0.00884804820869034 0.0046782278179611165 -0.00046055325677520808 0.0055302808643066664 -0.0023499706889467866 0.017362168956731639
leaf_weight=14.000000000000002 19.000000000000004 9.9999999999999982 20 9.9999999999999982 116
leaf_count=14 19 10 20 10 116
internal_value=0.000767196 -0.02 0.00378788 -0.00189655 0.005
internal_weight=189 24 165 29 136
internal_count=189 24 165 29 136
is_linear=0
shrinkage=0.05


Tree=19
num_leaves=6
num_cat=0
split_feature=0 10 15 8 0
split_gain=4.86407 1.54286 0.278788 0.566667 4.44089e-16
threshold=4.3406482394490427 4.8737588029186014 0.10245995069775365 4.7650296077992049 7.1183429599527726
decision_type=2 2 2 2 2
left_child=1 -1 3 -2 -4
right_child=2 -3 4 -5 -6
leaf_value=-0.00043752559393645982 -0.0022324721544994507 -0.0084056457982558015 0.0063865036921028698 0.0037311690065230693 0.066243030816793128
leaf_weight=10.000000000000002 10.000000000000002 13.999999999999998 116 17 22
leaf_count=10 10 14 116 17 22
internal_value=0.00103175 -0.02 0.00409091 -0.000555555 0.005
internal_weight=189 24 165 27 138
internal_count=189 24 165 27 138
is_linear=0
shrinkage=0.05


Tree=20
num_leaves=6
num_cat=0
split_feature=0 6 5 19 0
split_gain=2.64919 0.954635 0.952381 0.714286 2.22045e-16
threshold=4.1804221323819748 4.6842258388528411 4.4496188867746413 23.500000000000004 6.9383455752091061
decision_type=2 2 2 2 2
left_child=-1 2 -2 -4 -3
right_child=1 4 3 -5 -6
leaf_value=-0.0058312503330620402 0.0037332490760728799 0.0082790483699616158 -8.7949780954577476e-05 -0.0021208485467744641 0.065831863606443483
leaf_weight=13.999999999999998 20 92 18.000000000000004 9.9999999999999982 29
leaf_count=14 20 92 18 10 29
internal_value=0.00090164 0.00263314 -0.00333333 -0.00928571 0.005
internal_weight=183 169 48 28 121
internal_count=183 169 48 28 121
is_linear=0
shrinkage=0.05


Tree=21
num_leaves=6
num_cat=0
split_feature=0 6 12 14 0
split_gain=2.7189 0.730892 1.02083 0.629762 2.22045e-16
threshold=4.1804221323819748 4.6842258388528411 4.5216873540864402 4.8322601470501487 6.9383455752091061
decision_type=2 2 2 2 2
left_child=-1 2 -2 -4 -3
right_child=1 4 3 -5 -6
leaf_value=-0.0055396878164089194 0.0043587323494328929 0.0078650959514635511 -0.0014534708015660699 0.0011579464076956747 0.062540270426121314
leaf_weight=13.999999999999998 24 92 14.000000000000002 9.9999999999999982 29
leaf_count=14 24 92 14 10 29
internal_value=0.00117486 0.00292899 -0.00229167 -0.00958333 0.005
internal_weight=183 169 48 24 121
internal_count=183 169 48 24 121
is_linear=0
shrinkage=0.05


Tree=22
num_leaves=5
num_cat=0
split_feature=0 0 5 20
split_gain=1.99756 0.569591 0.602007 0.465385
threshold=4.1804221323819748 4.6457935491415645 4.4496188867746413 5.5000000000000009
decision_type=2 2 2 2
left_child=-1 2 -2 -4
right_child=1 -3 3 -5
leaf_value=-0.0052627034255884747 0.0033286500047975997 0.011133490853199656 0.00024208994406848497 -0.0019421325793574106
leaf_weight=13.999999999999998 20 123 16.000000000000004 9.9999999999999982
leaf_count=14 20 123 16 10
internal_value=0.00172131 0.00322485 -0.00152174 -0.00653846
internal_weight=183 169 46 26
internal_count=183 169 46 26
is_linear=0
shrinkage=0.05


Tree=23
num_leaves=6
num_cat=0
split_feature=0 6 11 2 0
split_gain=1.33753 0.536982 0.94697 0.069697 2.22045e-16
threshold=4.1804221323819748 4.6842258388528411 4.5664960750912149 8.6737499237060565 6.9383455752091061
decision_type=2 2 2 2 2
left_child=-1 2 3 -2 -3
right_child=1 4 -4 -5 -6
leaf_value=-0.0049995682543090697 -8.9150304793599443e-05 0.0072689052996518346 -0.0014673843794490993 0.0023367191335638875 0.058856582362155276
leaf_weight=13.999999999999998 9.9999999999999982 92 14.999999999999998 23 29
leaf_count=14 10 92 15 23 29
internal_value=0.00199454 0.00322485 -0.00125 0.00348485 0.005
internal_weight=183 169 48 33 121
internal_count=183 169 48 33 121
is_linear=0
shrinkage=0.05


Tree=24
num_leaves=6
num_cat=0
split_feature=0 6 11 2 0
split_gain=1.33753 0.536982 0.94697 0.069697 2.22045e-16
threshold=4.1804221323819748 4.6842258388528411 4.5664960750912149 8.6737499237060565 6.9383455752091061
decision_type=2 2 2 2 2
left_child=-1 2 3 -2 -3
right_child=1 4 -4 -5 -6
leaf_value=-0.0047495898415936127 -8.4692789553924135e-05 0.0069054600346692366 -0.0013940151604766469 0.0022198831768856912 0.055913753244047508
leaf_weight=13.999999999999998 9.9999999999999982 92 14.999999999999998 23 29
leaf_count=14 10 92 15 23 29
internal_value=0.00199454 0.00322485 -0.00125 0.00348485 0.005
internal_weight=183 169 48 33 121
internal_count=183 169 48 33 121
is_linear=0
shrinkage=0.05


Tree=25
num_leaves=6
num_cat=0
split_feature=0 15 5 9 0
split_gain=1.81818 0.570587 0.78125 0.0549812 2.22045e-16
threshold=4.1804221323819748 0.10573958196636647 4.6061064683472752 4.2454352421312516 7.5276985382482797
decision_type=2 2 2 2 2
left_child=-1 2 -2 -3 -5
right_child=1 3 -4 4 -6
leaf_value=-0.0063709003869256266 -0.0027121002297345216 0.0009073278584451653 0.0035650915083383257 0.0053854507126722224 0.055140938700592827
leaf_weight=14.999999999999998 15.999999999999998 15.999999999999998 15.999999999999998 107 9.9999999999999982
leaf_count=15 16 16 16 107 10
internal_value=0.00166667 0.00318182 -0.0028125 0.00462406 0.005
internal_weight=180 165 32 133 117
internal_count=180 165 32 133 117
is_linear=0
shrinkage=0.05


Tree=26
num_leaves=7
num_cat=0
split_feature=6 7 19 4 15 0
split_gain=1.83648 1.55591 1.76329 0.45 0.245989 2.22045e-16
threshold=4.6842258388528411 4.4865725751075516 16.500000000000004 4.4612896843894214 0.10869490678724453 6.9383455752091061
decision_type=2 2 2 2 2 2
left_child=1 4 -3 -4 -1 -2
right_child=5 2 3 -5 -6 -7
leaf_value=-0.0011496732841794373 0.0062981178677137747 0.0016904628652815142 -0.0073652561931699893 -0.001253317917664219 0.0015172658503774625 0.05260084711684021
leaf_weight=10.999999999999998 86 12.999999999999998 10.000000000000002 9.9999999999999982 23 27
leaf_count=11 86 13 10 10 23 27
internal_value=0.00111111 -0.00544776 -0.0131818 -0.0225 0.00205882 0.005
internal_weight=180 67 33 20 34 113
internal_count=180 67 33 20 34 113
is_linear=0
shrinkage=0.05


Tree=27
num_leaves=5
num_cat=0
split_feature=11 2 7 0
split_gain=1.31138 1.11071 0.55821 0.069697
threshold=4.6478514830942919 8.4974999427795428 4.653414608081774 4.3768171004543248
decision_type=2 2 2 2
left_child=1 -1 3 -3
right_child=-2 2 -4 -5
leaf_value=-0.0057372644190899248 0.008251451011070594 -0.00010741985564013159 -0.00079519931515267285 0.0021663578820184993
leaf_weight=18 119 9.9999999999999982 9.9999999999999982 23
leaf_count=18 119 10 10 23
internal_value=0.00194444 -0.00401639 0.000348837 0.00348485
internal_weight=180 61 43 33
internal_count=180 61 43 33
is_linear=0
shrinkage=0.05


Tree=28
num_leaves=6
num_cat=0
split_feature=4 6 11 10 0
split_gain=1.21263 0.474126 0.806852 0.0714286 2.22045e-16
threshold=4.1869114647363928 4.6842258388528411 4.5664960750912149 4.653414608081774 6.9383455752091061
decision_type=2 2 2 2 2
left_child=-1 2 3 -2 -3
right_child=1 4 -4 -5 -6
leaf_value=-0.0054972740944551944 6.822015170935502e-05 0.0055706394237745411 -0.00098699450615418924 0.0014673350424611075 0.049558232210444655
leaf_weight=14.999999999999998 9.9999999999999982 86 17 25 27
leaf_count=15 10 86 17 25 27
internal_value=0.00194444 0.00318182 -0.000769231 0.00357143 0.005
internal_weight=180 165 52 35 113
internal_count=180 165 52 35 113
is_linear=0
shrinkage=0.05


Tree=29
num_leaves=6
num_cat=0
split_feature=4 6 11 5 1
split_gain=1.21263 0.474126 0.806852 0.0714286 2.22045e-16
threshold=4.1869114647363928 4.6842258388528411 4.5664960750912149 4.4967361392305056 5.2962501049041757
decision_type=2 2 2 2 2
left_child=-1 2 3 -2 -3
right_child=1 4 -4 -5 -6
leaf_value=-0.0052224103897324427 0.00074173309568318084 0.005292107452585796 -0.00093764478084648779 4.0973950674256191e-05 0.047080320599922412
leaf_weight=14.999999999999998 25 86 17 9.9999999999999982 27
leaf_count=15 25 86 17 10 27
internal_value=0.00194444 0.00318182 -0.000769231 0.00357143 0.005
internal_weight=180 165 52 35 113
internal_count=180 165 52 35 113
is_linear=0
shrinkage=0.05


Tree=30
num_leaves=6
num_cat=0
split_feature=14 14 1 0 1
split_gain=1.20306 1.46232 0.527472 2.22045e-16 1.11022e-16
threshold=4.8322601470501487 4.4074178139771698 3.3887500762939458 6.2163029871861264 4.7687499523162851
decision_type=2 2 2 2 2
left_child=1 -1 -3 4 -2
right_child=3 2 -4 -5 -6
leaf_value=0.0011490276974228317 0.0031172477613800233 -0.0030024550753452858 -0.0030763858354019508 0.058709791444185644 0.056344376566080982
leaf_weight=23 58 14.000000000000002 11.999999999999998 58 14.999999999999998
leaf_count=23 58 14 12 58 15
internal_value=0.0025 -0.00418367 -0.0123077 0.005 0.005
internal_weight=180 49 26 131 73
internal_count=180 49 26 131 73
is_linear=0
shrinkage=0.05


Tree=31
num_leaves=6
num_cat=0
split_feature=14 14 1 0 1
split_gain=1.20306 1.46232 0.527472 2.22045e-16 1.11022e-16
threshold=4.8322601470501487 4.4074178139771698 3.3887500762939458 6.2163029871861264 4.7687499523162851
decision_type=2 2 2 2 2
left_child=1 -1 -3 4 -2
right_child=3 2 -4 -5 -6
leaf_value=0.0010915763125516884 0.0029613853733110283 -0.0028523323215780246 -0.0029225665436318545 0.055774301871976385 0.053527157737776943
leaf_weight=23 58 14.000000000000002 11.999999999999998 58 14.999999999999998
leaf_count=23 58 14 12 58 15
internal_value=0.0025 -0.00418367 -0.0123077 0.005 0.005
internal_weight=180 49 26 131 73
internal_count=180 49 26 131 73
is_linear=0
shrinkage=0.05


Tree=32
num_leaves=5
num_cat=0
split_feature=4 15 15 0
split_gain=1.23558 0.246746 0.518182 2.22045e-16
threshold=4.1869114647363928 0.10573958196636647 0.093816065447330219 7.5276985382482797
decision_type=2 2 2 2
left_child=-1 2 -2 -3
right_child=1 3 -4 -5
leaf_value=-0.0030394706316609482 0.0015699655182619546 0.0034149652412980517 -0.00040914687805942372 0.038785144552841148
leaf_weight=10.999999999999998 19.000000000000004 129 10.999999999999998 9.9999999999999982
leaf_count=11 19 129 11 10
internal_value=0.00305556 0.00411243 1.86265e-10 0.005
internal_weight=180 169 30 139
internal_count=180 169 30 139
is_linear=0
shrinkage=0.05


Tree=33
num_leaves=6
num_cat=0
split_feature=14 14 3 0 1
split_gain=1.48526 1.40746 0.649763 2.22045e-16 1.11022e-16
threshold=4.8322601470501487 4.4053062577374016 2437.0000000000005 6.2163029871861264 4.7687499523162851
decision_type=2 2 2 2 2
left_child=1 -1 -3 4 -2
right_child=3 2 -4 -5 -6
leaf_value=0.0020876020157274927 0.0026702428305907262 -0.0025745256792511903 -0.002470890880020889 0.052814838516312662 0.050680051588823188
leaf_weight=20 58 12.000000000000002 17 58 14.999999999999998
leaf_count=20 58 12 17 58 15
internal_value=0.00222222 -0.00520408 -0.0122414 0.005 0.005
internal_weight=180 49 29 131 73
internal_count=180 49 29 131 73
is_linear=0
shrinkage=0.05


Tree=34
num_leaves=6
num_cat=0
split_feature=4 14 14 0 1
split_gain=1.19366 0.326378 0.578947 2.22045e-16 1.11022e-16
threshold=4.1869114647363928 4.8322601470501487 4.4074178139771698 6.2163029871861264 4.7687499523162851
decision_type=2 2 2 2 2
left_child=-1 2 -2 4 -3
right_child=1 3 -4 -5 -6
leaf_value=-0.0027587708161925469 0.00078028341813540228 0.0025367306890612023 -0.00026304409241016587 0.050174096590497014 0.048146049009382047
leaf_weight=10.999999999999998 22 58 15.999999999999998 58 14.999999999999998
leaf_count=11 22 58 16 58 15
internal_value=0.00277778 0.00381657 -0.000263158 0.005 0.005
internal_weight=180 169 38 131 73
internal_count=180 169 38 131 73
is_linear=0
shrinkage=0.05


Tree=35
num_leaves=6
num_cat=0
split_feature=11 0 5 19 0
split_gain=1.52789 0.410207 0.531401 0.450922 2.22045e-16
threshold=4.1728997755621409 4.6457935491415645 4.4967361392305056 17.500000000000004 4.7308218677719145
decision_type=2 2 2 2 2
left_child=-1 2 -2 -4 -3
right_child=1 4 3 -5 -6
leaf_value=-0.0047932397848285948 0.00071958087066187467 0.001269995520659982 0.0010989728377999428 -0.0002519927855348985 0.01182721838066967
leaf_weight=12.999999999999998 22 10.999999999999998 12.000000000000002 10.999999999999998 116
leaf_count=13 22 11 12 11 116
internal_value=0.0022973 0.00354651 -0.000555555 -0.00586956 0.005
internal_weight=185 172 45 23 127
internal_count=185 172 45 23 127
is_linear=0
shrinkage=0.05


Tree=36
num_leaves=6
num_cat=0
split_feature=11 17 12 10 0
split_gain=1.42958 0.675901 0.672549 0.45 2.22045e-16
threshold=4.1728997755621409 177.44499969482425 4.5216873540864402 4.4967361392305056 7.2042184167242391
decision_type=2 2 2 2 2
left_child=-1 2 -2 -4 -3
right_child=1 4 3 -5 -6
leaf_value=-0.0045535777955871591 0.0027546733296005465 0.0078238246447806317 0.00013415434753387049 -0.00094285481598758091 0.029935164580941462
leaf_weight=12.999999999999998 21 106 12.000000000000002 18 14.999999999999998
leaf_count=13 21 106 12 18 15
internal_value=0.00175676 0.00296512 -0.00186274 -0.00666667 0.005
internal_weight=185 172 51 30 121
internal_count=185 172 51 30 121
is_linear=0
shrinkage=0.05


Tree=37
num_leaves=7
num_cat=0
split_feature=11 17 15 0 0 0
split_gain=1.47833 0.49658 0.471895 0.288889 2.22045e-16 5.55112e-17
threshold=4.1728997755621409 177.44499969482425 0.10573958196636647 4.6800499442743648 7.2042184167242391 4.547495028044346
decision_type=2 2 2 2 2 2
left_child=-1 2 -2 5 -3 -4
right_child=1 4 3 -5 -6 -7
leaf_value=-0.0043258989058078115 -0.001165209615794132 0.00743263341254158 0.0004673041741679698 -0.00050553365344468374 0.028438406351894371 0.0018210450613301227
leaf_weight=12.999999999999998 14.999999999999998 106 16.000000000000004 9.9999999999999982 14.999999999999998 9.9999999999999982
leaf_count=13 15 106 16 10 15 10
internal_value=0.00202703 0.00325581 -0.000882353 0.00222222 0.005 0.005
internal_weight=185 172 51 36 121 26
internal_count=185 172 51 36 121 26
is_linear=0
shrinkage=0.05


Tree=38
num_leaves=7
num_cat=0
split_feature=14 17 16 0 3 0
split_gain=1.97389 2.21557 0.467308 0.0925926 0.0583333 2.22045e-16
threshold=4.8322601470501487 167.4164962768555 122.96379852294923 4.5215254237146381 2343.0000000000005 7.2042184167242391
decision_type=2 2 2 2 2 2
left_child=1 2 -1 -2 -4 -5
right_child=3 -3 4 5 -6 -7
leaf_value=-0.00033808411891027615 0.00083790013091387657 -0.0046527058922908853 0.00041338224180502002 0.0067735298076670976 0.0021724523339652457 0.027016486034299632
leaf_weight=14.999999999999998 9.9999999999999982 10.999999999999998 10.000000000000002 110 13.999999999999998 14.999999999999998
leaf_count=15 10 11 10 110 14 15
internal_value=0.00148649 -0.007 -0.00141026 0.00462963 0.00291667 0.005
internal_weight=185 50 39 135 24 125
internal_count=185 50 39 135 24 125
is_linear=0
shrinkage=0.05


Tree=39
num_leaves=6
num_cat=0
split_feature=0 14 8 0 0
split_gain=1.68464 0.529684 0.653595 0.0925926 2.22045e-16
threshold=4.281636610797233 4.8322601470501487 4.436448017068594 4.5215254237146381 7.2042184167242391
decision_type=2 2 2 2 2
left_child=-1 2 -2 -3 -5
right_child=1 3 -4 4 -6
leaf_value=-0.0031701813699974209 0.0020374059013879898 0.00079600512436819859 -0.00048124245322021976 0.0064348533172837487 0.025665661732584652
leaf_weight=15.999999999999998 15.999999999999998 9.9999999999999982 18 110 14.999999999999998
leaf_count=16 16 10 18 110 15
internal_value=0.00175676 0.00322485 -0.00235294 0.00462963 0.005
internal_weight=185 169 34 135 125
internal_count=185 169 34 135 125
is_linear=0
shrinkage=0.05


Tree=40
num_leaves=6
num_cat=0
split_feature=14 7 7 1 0
split_gain=0.802748 1.05494 0.964286 0.0925373 2.22045e-16
threshold=4.8322601470501487 4.5061459593628888 4.6061064683472752 3.5424998998641972 7.1607139651885037
decision_type=2 2 2 2 2
left_child=1 -1 -3 -2 -5
right_child=3 2 -4 4 -6
leaf_value=0.001393957128058776 0.00075620486814980672 -0.0037611676983558399 -3.1229709706410951e-05 0.0054784242287488454 0.026098302062558604
leaf_weight=24 9.9999999999999982 12.000000000000002 15.999999999999998 106 18
leaf_count=24 10 12 16 106 18
internal_value=0.00258065 -0.00269231 -0.00928571 0.00462687 0.005
internal_weight=186 52 28 134 124
internal_count=186 52 28 134 124
is_linear=0
shrinkage=0.05


Tree=41
num_leaves=6
num_cat=0
split_feature=11 17 7 6 0
split_gain=0.697959 0.288989 0.552299 0.316667 2.22045e-16
threshold=4.1728997755621409 177.44499969482425 4.7570904113530288 4.6513951549685304 7.2772607611049382
decision_type=2 2 2 2 2
left_child=-1 2 3 -2 -3
right_child=1 4 -4 -5 -6
leaf_value=-0.0014155949088338283 0.00038721911510050292 0.006126661374229494 -0.00057848767675036607 -0.00067129131917532643 0.027584249155877275
leaf_weight=9.9999999999999982 38 106 9.9999999999999982 9.9999999999999982 11.999999999999998
leaf_count=10 38 106 10 10 12
internal_value=0.00284946 0.00357955 0.000689655 0.00291667 0.005
internal_weight=186 176 58 48 118
internal_count=186 176 58 48 118
is_linear=0
shrinkage=0.05


Tree=42
num_leaves=5
num_cat=0
split_feature=0 9 7 3
split_gain=1.04153 0.287356 0.552299 0.25
threshold=4.1804221323819748 5.1685241750784741 4.7114946050068829 2123.0000000000005
decision_type=2 2 2 2
left_child=-1 2 3 -2
right_child=1 -3 -4 -5
leaf_value=-0.0010205416339170833 -0.00022607995113709526 0.0068079683910128672 -0.00054956329291284078 0.00057861390163512004
leaf_weight=11.999999999999998 11.999999999999998 116 9.9999999999999982 36
leaf_count=12 12 116 10 36
internal_value=0.00258065 0.00356322 0.000689655 0.00291667
internal_weight=186 174 58 48
internal_count=186 174 58 48
is_linear=0
shrinkage=0.05


Tree=43
num_leaves=8
num_cat=0
split_feature=2 16 7 5 3 0 21
split_gain=1.13827 0.94697 0.337757 0.551471 0.629762 2.22045e-16 5.55112e-17
threshold=6.6575000286102304 122.36170196533205 4.8003695990552844 4.4967361392305056 2561.0000000000005 7.1183429599527726 3.5000000000000004
decision_type=2 2 2 2 2 2 2
left_child=1 -1 3 6 -5 -4 -2
right_child=2 -3 5 4 -6 -7 -8
leaf_value=0.00042470633071284465 0.00070439053261575103 -0.0038158700996772828 0.0091688407669447691 7.8157528924598676e-05 -0.00052208512826718511 0.02478969938361503 0.0020701518617254411
leaf_weight=12.000000000000002 17 9.9999999999999982 92 14.000000000000002 9.9999999999999982 21 10.000000000000002
leaf_count=12 17 10 92 14 10 21 10
internal_value=0.00204301 -0.00863636 0.00347561 9.80394e-05 -0.00541667 0.005 0.005
internal_weight=186 22 164 51 24 113 27
internal_count=186 22 164 51 24 113 27
is_linear=0
shrinkage=0.05


Tree=44
num_leaves=7
num_cat=0
split_feature=2 16 18 0 15 0
split_gain=1.19629 0.94697 0.243072 0.12549 0.0760341 2.22045e-16
threshold=6.6575000286102304 122.36170196533205 2024.5000000000002 4.6800499442743648 0.091611758074603922 7.2042184167242391
decision_type=2 2 2 2 2 2
left_child=1 -1 4 -4 -2 -6
right_child=2 -3 3 -5 5 -7
leaf_value=0.00040347101417720528 0.0012135173539521362 -0.0036250765946934278 0.00011562079930044023 -0.00028505341133412969 0.0036252110268743761 0.020762095307369683
leaf_weight=12.000000000000002 11.999999999999998 9.9999999999999982 17.000000000000004 9.9999999999999982 110 14.999999999999998
leaf_count=12 12 10 17 10 110 15
internal_value=0.00231183 -0.00863636 0.00378049 -0.000555555 0.00463504 0.005
internal_weight=186 22 164 27 137 125
internal_count=186 22 164 27 137 125
is_linear=0
shrinkage=0.05


Tree=45
num_leaves=7
num_cat=0
split_feature=7 11 5 5 0 5
split_gain=1.45997 0.725674 1.19347 1.04891 0.0913793 0.069697
threshold=4.8003695990552844 4.5664960750912149 4.7114946050068829 4.103237078304109 7.5276985382482797 4.4737135345398942
decision_type=2 2 2 2 2 2
left_child=1 3 -3 -1 -2 -5
right_child=4 2 -4 5 -6 -7
leaf_value=-0.0022123233693285187 0.0082522601107502432 -0.0017183721616708171 0.00011633468706914417 0.0011688068381525737 0.020250178000817434 0.00012914523544454141
leaf_weight=9.9999999999999982 106 13.000000000000002 10.999999999999998 23 9.9999999999999982 9.9999999999999982
leaf_count=10 106 13 11 23 10 10
internal_value=0.00117486 -0.00470149 -0.0116667 -0.000813953 0.00456897 0.00348485
internal_weight=183 67 24 43 116 33
internal_count=183 67 24 43 116 33
is_linear=0
shrinkage=0.05


Tree=46
num_leaves=8
num_cat=0
split_feature=5 7 11 5 0 2 2
split_gain=1.43862 0.613324 0.910288 0.818473 0.0749512 0.0677419 0.0619946
threshold=4.1869114647363928 4.8003695990552844 4.5664960750912149 4.7114946050068829 7.5276985382482797 8.6737499237060565 7.1112499237060556
decision_type=2 2 2 2 2 2 2
left_child=-1 2 5 -4 6 -2 -3
right_child=1 4 3 -5 -6 -7 -8
leaf_value=-0.0016490002186927699 0.00012268797367232223 0.002871846246441212 -0.001632453553587282 0.00011051795271567432 0.019237669100776556 0.0017844852981851182 0.018468272591974241
leaf_weight=11.999999999999998 10.000000000000002 13.999999999999998 13.000000000000002 10.999999999999998 9.9999999999999982 21 92
leaf_count=12 10 14 13 11 10 21 92
internal_value=0.00090164 0.00207602 -0.00227273 -0.00958333 0.00413793 0.0033871 0.0045283
internal_weight=183 171 55 24 116 31 106
internal_count=183 171 55 24 116 31 106
is_linear=0
shrinkage=0.05


Tree=47
num_leaves=9
num_cat=0
split_feature=5 4 7 19 6 0 0 0
split_gain=1.18306 0.302321 0.34887 0.859788 0.314894 0.089899 1.11022e-16 5.55112e-17
threshold=4.103237078304109 4.9663628077868269 4.7114946050068829 37.500000000000007 4.6747499050756129 7.5276985382482797 6.4568091466691522 4.5061459593628888
decision_type=2 2 2 2 2 2 2 2
left_child=-1 2 4 -4 7 6 -3 -2
right_child=1 5 3 -5 -6 -7 -8 -9
leaf_value=-0.0020192571899274314 0.0010014644033601743 0.016980144007402533 -0.00079964727747622018 0.0032368454955309118 -0.00057336195494328947 0.018275785645737709 0.043747300912792872 5.9509064919577468e-05
leaf_weight=9.9999999999999982 23 46 14.000000000000002 12.999999999999998 9.9999999999999982 9.9999999999999982 43 13.999999999999998
leaf_count=10 23 46 14 13 10 10 43 14
internal_value=0.00172131 0.00268786 0.00027027 -0.00425926 0.00287234 0.00449495 0.005 0.005
internal_weight=183 173 74 27 47 99 89 37
internal_count=183 173 74 27 47 99 89 37
is_linear=0
shrinkage=0.05


Tree=48
num_leaves=9
num_cat=0
split_feature=5 2 2 15 1 15 0 0
split_gain=1.22203 0.23472 0.174608 0.346667 0.304762 0.0744048 2.22045e-16 5.55112e-17
threshold=4.103237078304109 6.4949998855590829 9.4049997329711932 0.23049187018751779 3.7312499284744267 0.34541920394508535 6.7671430274706408 7.2772607611049382
decision_type=2 2 2 2 2 2 2 2
left_child=-1 -2 5 4 -4 6 -3 -5
right_child=1 2 3 7 -6 -7 -8 -9
leaf_value=-0.0019182943304310444 -0.000971284267826326 0.0025354481020730588 0.00033238306758208577 0.028900741508795503 -0.00052098080283887176 0.00072996257987283238 0.047568948698771568 0.029298377067452332
leaf_weight=9.9999999999999982 10.999999999999998 86 14.000000000000002 16.000000000000004 9.9999999999999982 11.999999999999998 13.999999999999998 9.9999999999999982
leaf_count=10 11 86 14 16 10 12 14 10
internal_value=0.00199454 0.00297688 0.00345679 0.001 -0.00333333 0.00455357 0.005 0.005
internal_weight=183 173 162 50 24 112 100 26
internal_count=183 173 162 50 24 112 100 26
is_linear=0
shrinkage=0.05


Tree=49
num_leaves=10
num_cat=0
split_feature=7 11 5 5 0 15 9 0 0
split_gain=1.1127 0.473808 0.818473 0.784196 0.0749512 0.0814751 0.0677419 1.11022e-16 1.11022e-16
threshold=4.8003695990552844 4.5664960750912149 4.7114946050068829 4.1869114647363928 7.5276985382482797 0.42794024803936653 4.5893350323986537 6.9383455752091061 6.4976135133179342
decision_type=2 2 2 2 2 2 2 2 2
left_child=1 3 -3 -1 5 7 -5 8 -2
right_child=4 2 -4 6 -6 -7 -8 -9 -10
leaf_value=-0.0013696726317401807 0.00563082272808995 -0.0015144309908935822 0.00012806563918315756 0.00019616433088879946 0.016046174279434205 0.00010931490235275704 0.0016285686527162928 0.036175530579905406 0.057854532561943409
leaf_weight=11.999999999999998 61 13.000000000000002 10.999999999999998 10.000000000000002 9.9999999999999982 10.999999999999998 21 10.999999999999998 23
leaf_count=12 61 13 11 10 10 11 21 11 23
internal_value=0.00117486 -0.00395522 -0.00958333 -0.000813953 0.00413793 0.0045283 0.0033871 0.005 0.005
internal_weight=183 67 24 43 116 106 31 95 84
internal_count=183 67 24 43 116 106 31 95 84
is_linear=0
shrinkage=0.05


Tree=50
num_leaves=8
num_cat=0
split_feature=8 11 14 6 7 4 15
split_gain=1.22018 0.795859 0.666667 0.388989 0.285714 0.0743105 0.0812003
threshold=4.8551971757407344 4.5664960750912149 4.4147356535779938 4.103237078304109 4.6349011483560529 7.5276985382482797 0.40144665241101202
decision_type=2 2 2 2 2 2 2
left_child=1 3 -3 -1 -5 6 -2
right_child=5 2 -4 4 -6 -7 -8
leaf_value=-0.0014270999730648254 0.0083788649611748877 3.9303126087785611e-05 -0.001512673309199681 0.0011291995957144532 -0.00012286513862396178 0.010926047809767967 0.00010384965876921171
leaf_weight=10.999999999999998 92 12.000000000000002 11.999999999999998 25 9.9999999999999982 9.9999999999999982 10.999999999999998
leaf_count=11 92 12 12 25 10 10 11
internal_value=0.00090164 -0.00428571 -0.0116667 -0.000434782 0.00214286 0.00411504 0.00451456
internal_weight=183 70 24 46 35 113 103
internal_count=183 70 24 46 35 113 103
is_linear=0
shrinkage=0.05


Tree=51
num_leaves=9
num_cat=0
split_feature=8 6 16 10 4 15 0 0
split_gain=0.564757 0.839858 0.350215 0.417163 0.0747412 0.0813853 1.11022e-16 5.55112e-17
threshold=4.8121762378274457 4.6747499050756129 122.49765014648439 5.2753341678327503 7.5276985382482797 0.40144665241101202 6.7910114115494409 4.547495028044346
decision_type=2 2 2 2 2 2 2 2
left_child=1 2 3 -1 5 6 -2 -4
right_child=4 -3 7 -5 -6 -7 -8 -9
leaf_value=-0.00099251784804005728 0.0049415355558581975 -0.00099748855456376355 6.0166714799270866e-05 0.00034379576305451414 0.01037974541927956 9.8657175830746407e-05 0.029001211457715521 0.0063666930483822735
leaf_weight=13.999999999999998 75 9.9999999999999982 16.000000000000004 18 9.9999999999999982 10.999999999999998 19 9.9999999999999982
leaf_count=14 75 10 16 18 10 11 19 10
internal_value=0.00199454 -0.00161765 0.000689655 -0.0028125 0.00413043 0.00452381 0.005 0.005
internal_weight=183 68 58 32 115 105 94 26
internal_count=183 68 58 32 115 105 94 26
is_linear=0
shrinkage=0.05


Tree=52
num_leaves=8
num_cat=0
split_feature=8 12 15 11 4 15 0
split_gain=1.0215 1.17312 0.486336 0.294737 0.0743105 0.0812003 5.55112e-17
threshold=4.8551971757407344 4.5216873540864402 0.10869490678724453 4.1326026077231033 7.5276985382482797 0.40144665241101202 4.5215254237146381
decision_type=2 2 2 2 2 2 2
left_child=1 3 -3 -1 5 -2 -5
right_child=4 2 -4 6 -6 -7 -8
leaf_value=-0.0016329150912672366 0.007712844935323232 -0.0013668527196662569 -0.00012275570297462399 0.00090891258936468824 0.0098607581483155828 9.3724317039217686e-05 0.0029307808855211451
leaf_weight=9.9999999999999982 92 12.999999999999998 19 17.000000000000004 9.9999999999999982 10.999999999999998 10.999999999999998
leaf_count=10 92 13 19 17 10 11 11
internal_value=0.00117486 -0.00357143 -0.010625 0.00236842 0.00411504 0.00451456 0.005
internal_weight=183 70 32 38 113 103 28
internal_count=183 70 32 38 113 103 28
is_linear=0
shrinkage=0.05


Tree=53
num_leaves=8
num_cat=0
split_feature=8 6 5 6 4 15 6
split_gain=1.22018 1.21459 0.306359 0.498927 0.0743105 0.0812003 0.0714286
threshold=4.8551971757407344 4.6513951549685304 4.5785401702625839 4.103237078304109 7.5276985382482797 0.40144665241101202 4.5158388222695169
decision_type=2 2 2 2 2 2 2
left_child=1 2 3 -1 5 -2 -5
right_child=4 -3 -4 6 -6 -7 -8
leaf_value=-0.0012244733301243146 0.0073272026885570721 -0.00056019188377826512 -0.00019367192152086523 0.00093083775396570346 0.00936772024089981 8.9038101187272073e-05 4.3645512258114297e-05
leaf_weight=10.999999999999998 92 12.999999999999998 10.999999999999998 25 9.9999999999999982 10.999999999999998 9.9999999999999982
leaf_count=11 92 13 11 25 10 11 10
internal_value=0.00090164 -0.00428571 -0.00114035 0.000652174 0.00411504 0.00451456 0.00357143
internal_weight=183 70 57 46 113 103 35
internal_count=183 70 57 46 113 103 35
is_linear=0
shrinkage=0.05


Tree=54
num_leaves=8
num_cat=0
split_feature=8 7 14 14 4 15 3
split_gain=1.22018 0.825714 0.498276 0.71334 0.0743105 0.0812003 0.06
threshold=4.8551971757407344 4.4157533214535034 4.909705412028603 4.4147356535779938 7.5276985382482797 0.40144665241101202 2211.0000000000005
decision_type=2 2 2 2 2 2 2
left_child=1 6 3 -3 5 -2 -1
right_child=4 2 -4 -5 -6 -7 -8
leaf_value=-8.8700056321732476e-05 0.0069608425541292374 -7.9694044512809643e-05 -0.00030949871685421342 -0.0028863754545943518 0.0088993342288548136 8.4586196127917068e-05 0.0042923436173355391
leaf_weight=10.000000000000002 92 18.000000000000004 15.999999999999998 10.999999999999998 9.9999999999999982 10.999999999999998 14.999999999999998
leaf_count=10 92 18 16 11 10 11 15
internal_value=0.00090164 -0.00428571 -0.00833333 -0.0122414 0.00411504 0.00451456 0.003
internal_weight=183 70 45 29 113 103 25
internal_count=183 70 45 29 113 103 25
is_linear=0
shrinkage=0.05


Tree=55
num_leaves=9
num_cat=0
split_feature=8 8 16 7 12 15 1 0
split_gain=1.03247 0.859524 1.19048 0.495238 0.0747412 0.0813853 0.0642857 1.11022e-16
threshold=4.8551971757407344 4.436448017068594 122.76815032958986 4.6349011483560529 7.4579706481496215 0.43977630713230215 3.4112499952316289 6.4976135133179342
decision_type=2 2 2 2 2 2 2 2
left_child=1 6 3 -3 5 7 -1 -2
right_child=4 2 -4 -5 -6 -7 -8 -9
leaf_value=6.4609331991925939e-05 0.0035271214133410543 0.0010105023435477681 -0.0019615474347875255 -0.00040076667103944476 0.0084543675174120741 8.0356384787431967e-05 0.00085635737333417106 0.02964873834590977
leaf_weight=10.000000000000002 58 13.000000000000002 13.999999999999998 14.999999999999998 9.9999999999999982 10.999999999999998 18 36
leaf_count=10 58 13 14 15 10 11 18 36
internal_value=0.00121622 -0.00357143 -0.00809524 -0.00214286 0.00413043 0.00452381 0.00321429 0.005
internal_weight=185 70 42 28 115 105 28 94
internal_count=185 70 42 28 115 105 28 94
is_linear=0
shrinkage=0.05


Tree=56
num_leaves=10
num_cat=0
split_feature=7 3 16 3 10 12 2 0 1
split_gain=0.8258 0.51006 0.420746 0.249351 0.164103 0.0745277 0.0812937 2.22045e-16 5.55112e-17
threshold=4.8003695990552844 2211.0000000000005 121.09814834594728 2063.0000000000005 5.0321433424269193 7.4579706481496215 7.1112499237060556 6.6618305459415383 5.0687501430511483
decision_type=2 2 2 2 2 2 2 2 2
left_child=1 3 -3 -1 -4 6 -2 -8 -9
right_child=5 2 4 -5 -6 -7 7 8 -10
leaf_value=-7.6885341211987111e-06 0.00014636210816466636 -6.73834784761591e-05 0.0013148652668355716 -0.0013102385458385894 4.2153781126286659e-06 0.0080316491415414505 0.010304093181387145 0.051967354339285857 0.027116920826516025
leaf_weight=11.000000000000002 10.999999999999998 10.999999999999998 24 9.9999999999999982 14.999999999999998 9.9999999999999982 58 11.999999999999998 23
leaf_count=11 11 11 24 10 15 10 58 12 23
internal_value=0.00148649 -0.00274648 1.86265e-10 -0.00928571 0.0024359 0.00412281 0.00451923 0.005 0.005
internal_weight=185 71 50 21 39 114 104 93 35
internal_count=185 71 50 21 39 114 104 93 35
is_linear=0
shrinkage=0.05


Tree=57
num_leaves=10
num_cat=0
split_feature=0 7 19 6 4 12 0 0 0
split_gain=1.09967 0.539063 1.45833 0.410447 0.314052 0.09 0.0722222 1.11022e-16 5.55112e-17
threshold=4.9322580222676455 4.7114946050068829 37.500000000000007 4.103237078304109 4.5893350323986537 7.4579706481496215 4.281636610797233 7.040074989682032 4.5061459593628888
decision_type=2 2 2 2 2 2 2 2 2
left_child=1 3 -3 -1 6 7 -5 -2 -8
right_child=5 2 -4 4 -6 -7 8 -9 -10
leaf_value=-0.0012904061935521335 0.016141945441016742 -0.0005588134488280571 0.0021761059849542074 3.8446165712536945e-05 -1.8291258967954223e-05 0.0076300666844643849 0.0012247865010229244 0.020715494524934475 7.8146325821405846e-05
leaf_weight=9.9999999999999982 75 14.000000000000002 9.9999999999999982 9.9999999999999982 14.999999999999998 9.9999999999999982 16.000000000000004 14.999999999999998 9.9999999999999982
leaf_count=10 75 14 10 10 15 10 16 15 10
internal_value=0.000945946 -0.00323529 -0.00958333 -0.000737705 0.00107843 0.0045 0.00361111 0.005 0.005
internal_weight=185 85 24 61 51 100 36 90 26
internal_count=185 85 24 61 51 100 36 90 26
is_linear=0
shrinkage=0.05


Tree=58
num_leaves=10
num_cat=0
split_feature=4 6 16 10 16 12 3 1 0
split_gain=0.790604 0.781737 0.242117 0.4 0.45 0.09 0.0677419 0.05 1.11022e-16
threshold=4.9663628077868269 4.7968603239798382 122.96379852294923 5.97205906789178 121.56620025634767 7.4579706481496215 2211.0000000000005 3.5625000000000004 7.040074989682032
decision_type=2 2 2 2 2 2 2 2 2
left_child=1 2 3 4 -1 8 -4 -5 -2
right_child=5 -3 6 7 -6 -7 -8 -9 -10
leaf_value=5.266819829290772e-06 0.015334848168965926 -0.00053087277638665044 -0.00020626067139345615 0.00042496655350906365 -0.0012258858838745464 0.0072485633502411863 0.00021032130182848524 4.0028143215376058e-05 0.019679719798687736
leaf_weight=10.000000000000002 75 13.999999999999998 10.000000000000002 10.000000000000002 9.9999999999999982 9.9999999999999982 21 9.9999999999999982 14.999999999999998
leaf_count=10 75 14 10 10 10 10 21 10 15
internal_value=0.00148649 -0.00205882 7.04227e-05 -0.0025 -0.0075 0.0045 0.0033871 0.0025 0.005
internal_weight=185 85 71 40 20 100 31 20 90
internal_count=185 85 71 40 20 100 31 20 90
is_linear=0
shrinkage=0.05


Tree=59
num_leaves=9
num_cat=0
split_feature=0 6 1 5 6 12 0 0
split_gain=0.492619 0.686337 0.305782 0.384962 0.257143 0.0896907 2.22045e-16 5.55112e-17
threshold=5.0134544018919351 4.7968603239798382 3.6037499904632573 4.4496188867746413 4.103237078304109 7.4579706481496215 6.7910114115494409 4.6949006963190252
decision_type=2 2 2 2 2 2 2 2
left_child=1 2 3 4 -1 6 -2 -4
right_child=5 -3 7 -5 -6 -7 -8 -9
leaf_value=-0.0011645915896808209 0.022748506765092744 -0.00047390208678235946 4.2551534774873547e-05 -0.0015208570286248959 0.00077953856325837221 0.006886135182729145 0.025840075168959073 7.6533296314538628e-05
leaf_weight=10.000000000000002 58 17 23 9.9999999999999982 18 9.9999999999999982 29 9.9999999999999982
leaf_count=10 58 17 23 10 18 10 29 10
internal_value=0.00202703 -0.000681818 0.00147887 -0.00157895 0.00142857 0.00448454 0.005 0.005
internal_weight=185 88 71 38 28 97 87 33
internal_count=185 88 71 38 28 97 87 33
is_linear=0
shrinkage=0.05


Tree=60
num_leaves=8
num_cat=0
split_feature=11 3 10 3 0 10 7
split_gain=1.19564 0.29003 0.520986 0.116586 0.226087 0.0911504 0.0642857
threshold=4.1326026077231033 2123.0000000000005 6.2584774889786958 2605.0000000000005 4.6800499442743648 7.1607139651885037 4.7114946050068829
decision_type=2 2 2 2 2 2 2
left_child=-1 2 6 5 -5 -3 -2
right_child=1 3 -4 4 -6 -7 -8
leaf_value=-0.0029880086708106769 3.9820093010062361e-05 0.0017306594982789568 -0.0016991425779925567 -0.0005015287575727451 0.002760079832675677 0.0020830417337027881 0.023345812721466963
leaf_weight=9.9999999999999982 10.000000000000002 103 14.999999999999998 10.000000000000002 12.999999999999998 9.9999999999999982 18
leaf_count=10 10 103 15 10 13 10 18
internal_value=0.0018254 0.00276536 -0.000813953 0.00389706 0.000652174 0.00455752 0.00321429
internal_weight=189 179 43 136 23 113 28
internal_count=189 179 43 136 23 113 28
is_linear=0
shrinkage=0.05


Tree=61
num_leaves=12
num_cat=0
split_feature=4 20 4 19 2 3 5 2 0 0 0
split_gain=1.78167 0.945483 1.01235 1.01102 0.916017 0.527859 0.090099 0.06 1.11022e-16 1.11022e-16 2.77556e-17
threshold=4.9663628077868269 9.5000000000000018 4.698516420344796 23.500000000000004 6.4712500572204599 2605.0000000000005 7.5276985382482797 7.0787498950958261 7.1183429599527726 6.6618305459415383 4.547495028044346
decision_type=2 2 2 2 2 2 2 2 2 2 2
left_child=1 2 3 5 -5 10 8 -3 9 -2 -1
right_child=6 7 -4 4 -6 -7 -8 -9 -10 -11 -12
leaf_value=0.0015566857281382254 0.010611603943390011 0.0019308836157035773 -0.0004261039557687513 -0.0027018185761544908 -0.00099414329095747107 -0.00038456114236693959 0.0064724444567602381 0.0019821238744170719 0.012885948050735473 0.035634011579141582 0.0014137557744862258
leaf_weight=10.000000000000005 57 10.000000000000002 10.999999999999998 11.000000000000002 9.9999999999999982 10.999999999999998 9.9999999999999982 14.999999999999998 10.999999999999998 23 9.9999999999999982
leaf_count=10 57 10 11 11 10 11 10 15 11 23 10
internal_value=-2.64548e-05 -0.00522727 -0.00849206 -0.00557692 -0.0140476 0.000161291 0.00450495 0.003 0.005 0.005 0.005
internal_weight=189 88 63 52 21 31 101 25 91 80 20
internal_count=189 88 63 52 21 31 101 25 91 80 20
is_linear=0
shrinkage=0.05


Tree=62
num_leaves=10
num_cat=0
split_feature=4 16 9 5 6 5 0 0 0
split_gain=1.38989 0.836742 0.666667 0.850708 0.525 0.090099 1.11022e-16 1.11022e-16 5.55112e-17
threshold=4.9663628077868269 122.96379852294923 4.5531892238955827 4.6767236471025244 4.6747499050756129 7.5276985382482797 7.1183429599527726 6.6618305459415383 4.5215254237146381
decision_type=2 2 2 2 2 2 2 2 2
left_child=1 2 -1 -4 8 6 7 -2 -3
right_child=5 4 3 -5 -6 -7 -8 -9 -10
leaf_value=-0.001677132070856225 0.010081023746220495 0.00025349852982846463 0.00037938230250042211 -0.00032876206506883706 -0.00067941617535179554 0.0061488222339222444 0.012241650648198696 0.033852311000184529 0.0030933177233625647
leaf_weight=15.999999999999998 57 17.000000000000004 19 12.999999999999998 11.999999999999998 9.9999999999999982 10.999999999999998 23 10.999999999999998
leaf_count=16 57 17 19 13 12 10 11 23 11
internal_value=0.000502646 -0.00409091 -0.00854167 -0.004375 0.00125 0.00450495 0.005 0.005 0.005
internal_weight=189 88 48 32 40 101 91 80 28
internal_count=189 88 48 32 40 101 91 80 28
is_linear=0
shrinkage=0.05


Tree=63
num_leaves=10
num_cat=0
split_feature=12 6 15 19 5 5 0 4 0
split_gain=1.18359 0.966505 0.683949 0.483422 0.311111 0.09 1.11022e-16 1.11022e-16 5.55112e-17
threshold=5.5312812043098143 4.7968603239798382 0.11270590918346159 23.500000000000004 4.1869114647363928 7.5276985382482797 6.987162284307094 6.7229239234581017 4.5664318774991584
decision_type=2 2 2 2 2 2 2 2 2
left_child=1 2 3 -1 -4 6 7 -2 -6
right_child=5 -3 4 -5 8 -7 -8 -9 -10
leaf_value=-3.2401906035672857e-06 0.010424884570964127 -0.00036556130442261145 -0.0026196607049196077 -0.00068884890845012658 0.00050608966948766847 0.0058413811222261282 0.012549920157826498 0.040078839651334124 0.00038089674042227355
leaf_weight=16.000000000000004 58 14.999999999999998 9.9999999999999982 12.999999999999998 23 9.9999999999999982 17 14.999999999999998 11.999999999999998
leaf_count=16 58 15 10 13 23 10 17 15 12
internal_value=0.000767196 -0.00342697 -0.00108108 -0.00706897 0.00277778 0.0045 0.005 0.005 0.005
internal_weight=189 89 74 29 45 100 90 73 35
internal_count=189 89 74 29 45 100 90 73 35
is_linear=0
shrinkage=0.05


Tree=64
num_leaves=10
num_cat=0
split_feature=12 6 15 19 2 5 0 5 0
split_gain=1.18359 0.966505 0.683949 0.483422 0.311111 0.09 1.11022e-16 1.11022e-16 5.55112e-17
threshold=5.5312812043098143 4.7968603239798382 0.11270590918346159 23.500000000000004 6.8662500381469735 7.5276985382482797 6.987162284307094 6.7671430274706408 4.5664318774991584
decision_type=2 2 2 2 2 2 2 2 2
left_child=1 2 3 -1 -4 6 7 -2 -6
right_child=5 -3 4 -5 8 -7 -8 -9 -10
leaf_value=-3.0781810733759876e-06 0.0099036403424159047 -0.00034728323920146694 -0.0024886776696736168 -0.00065440646302760428 0.00048078518601329305 0.0055493120661148062 0.011922424149935183 0.041820924514676741 0.00036185190340116415
leaf_weight=16.000000000000004 58 14.999999999999998 9.9999999999999982 12.999999999999998 23 9.9999999999999982 17 14.999999999999998 11.999999999999998
leaf_count=16 58 15 10 13 23 10 17 15 12
internal_value=0.000767196 -0.00342697 -0.00108108 -0.00706897 0.00277778 0.0045 0.005 0.005 0.005
internal_weight=189 89 74 29 45 100 90 73 35
internal_count=189 89 74 29 45 100 90 73 35
is_linear=0
shrinkage=0.05


Tree=65
num_leaves=8
num_cat=0
split_feature=0 6 15 19 2 0 0
split_gain=1.35442 1.06461 0.6545 0.525038 0.313043 2.22045e-16 5.55112e-17
threshold=5.0134544018919351 4.7968603239798382 0.11270590918346159 23.500000000000004 6.8662500381469735 6.7671430274706408 7.2772607611049382
decision_type=2 2 2 2 2 2 2
left_child=1 2 3 -1 -4 -2 -7
right_child=5 -3 4 -5 -6 6 -8
leaf_value=1.0188218541819911e-05 0.023761325122605835 -0.00031281956450809927 -0.0023642437861899294 -0.00062168613987622365 0.00025226132776807152 0.019022964994213094 0.022690910759236606
leaf_weight=17.000000000000004 58 18 9.9999999999999982 12.999999999999998 36 23 11.999999999999998
leaf_count=17 58 18 10 13 36 23 12
internal_value=0.000721925 -0.00351064 -0.000921052 -0.00666667 0.00282609 0.005 0.005
internal_weight=187 94 76 30 46 93 35
internal_count=187 94 76 30 46 93 35
is_linear=0
shrinkage=0.05


Tree=66
num_leaves=10
num_cat=0
split_feature=0 6 15 6 2 0 0 0 2
split_gain=1.52901 0.963544 0.610343 0.57619 1.35758 0.302439 2.22045e-16 5.55112e-17 5.55112e-17
threshold=5.0134544018919351 4.7968603239798382 0.11985202856695464 4.5158388222695169 6.6575000286102304 4.1804221323819748 6.7671430274706408 7.2772607611049382 9.6849999427795428
decision_type=2 2 2 2 2 2 2 2 2
left_child=1 2 3 -1 -5 -4 -2 -8 -7
right_child=6 -3 5 4 -6 8 7 -9 -10
leaf_value=0.00088579932046726107 0.022573258866475553 -0.00029717858628270402 -0.0022460315968804326 6.2128772541854204e-05 -0.00067523031388700523 0.00065759411022057773 0.01807181674450244 0.021556365221274767 0.00014056249643891079
leaf_weight=13.999999999999998 58 18 9.9999999999999982 11.000000000000002 9.9999999999999982 19 23 11.999999999999998 12.000000000000002
leaf_count=14 58 18 10 11 10 19 23 12 12
internal_value=0.000454546 -0.00404255 -0.00157895 -0.00642857 -0.0116667 0.00256098 0.005 0.005 0.005
internal_weight=187 94 76 35 21 41 93 35 31
internal_count=187 94 76 35 21 41 93 35 31
is_linear=0
shrinkage=0.05


Tree=67
num_leaves=9
num_cat=0
split_feature=0 6 4 6 11 4 0 0
split_gain=1.03698 0.756999 0.436683 0.356506 0.543094 0.0523809 2.22045e-16 5.55112e-17
threshold=5.0134544018919351 4.7968603239798382 4.103237078304109 4.5300625263300311 4.6179479471646401 4.6842258388528411 6.7671430274706408 7.2772607611049382
decision_type=2 2 2 2 2 2 2 2
left_child=1 2 -1 -4 -5 -6 -2 -8
right_child=6 -3 3 4 5 -7 7 -9
leaf_value=-0.0021337300170364004 0.021444595923151788 -0.000282319656968583 0.0003677687658206708 -0.0011300510838383846 4.1913642891569185e-06 3.9923094628572729e-05 0.017168225907277328 0.020478546960211022
leaf_weight=9.9999999999999982 58 18 32 12.999999999999998 10.000000000000002 10.999999999999998 23 11.999999999999998
leaf_count=10 58 18 32 13 10 11 23 12
internal_value=0.00125668 -0.00244681 -0.000263158 0.00121212 -0.00235294 0.00261905 0.005 0.005
internal_weight=187 94 76 66 34 21 93 35
internal_count=187 94 76 66 34 21 93 35
is_linear=0
shrinkage=0.05


Tree=68
num_leaves=9
num_cat=0
split_feature=0 6 4 10 3 0 0 0
split_gain=0.894129 0.846864 0.497687 0.340076 0.08 2.22045e-16 5.55112e-17 5.55112e-17
threshold=5.0134544018919351 4.7968603239798382 4.103237078304109 6.5132850250509984 2123.0000000000005 6.7671430274706408 4.6184942331878096 7.2772607611049382
decision_type=2 2 2 2 2 2 2 2
left_child=1 2 -1 4 -4 -2 -6 -7
right_child=5 -3 3 -5 6 7 -8 -9
leaf_value=-0.0020270435161845847 0.02037236612699421 -0.00026820367412014361 -1.9725428684944155e-06 -0.00061178642980118424 0.00056066116199900346 0.016309814611913449 2.1267932426242084e-05 0.019454619612200463
leaf_weight=9.9999999999999982 58 18 9.9999999999999982 15.999999999999998 29 23 10.999999999999998 11.999999999999998
leaf_count=10 58 18 10 16 29 23 11 12
internal_value=0.00152406 -0.00191489 0.000394737 0.0019697 0.004 0.005 0.005 0.005
internal_weight=187 94 76 66 50 93 40 35
internal_count=187 94 76 66 50 93 40 35
is_linear=0
shrinkage=0.05


Tree=69
num_leaves=9
num_cat=0
split_feature=8 6 4 13 10 19 0 0
split_gain=0.930857 1.15714 0.452795 0.704348 0.373077 0.45 1.11022e-16 5.55112e-17
threshold=4.8121762378274457 4.6513951549685304 4.103237078304109 4.6402969517177857 7.1183429599527726 20.500000000000004 6.0632985317822854 5.5071037205428466
decision_type=2 2 2 2 2 2 2 2
left_child=1 2 -1 -4 6 -6 7 -2
right_child=4 -3 3 -5 5 -7 -8 -9
leaf_value=-0.0019256913403753629 3.6467368593587437e-05 -0.00049908033526276541 0.00062397492085294393 -0.00058181854783154218 0.042976941373877073 -0.00024276194403091345 0.020304144152819704 0.0089993483374182781
leaf_weight=9.9999999999999982 29 13.999999999999998 36 9.9999999999999982 10.000000000000002 9.9999999999999982 58 9.9999999999999982
leaf_count=10 29 14 36 10 10 10 58 10
internal_value=0.000989305 -0.00357143 -0.000357143 0.00173913 0.00371795 -0.0025 0.005 0.005
internal_weight=187 70 56 46 117 20 97 39
internal_count=187 70 56 46 117 20 97 39
is_linear=0
shrinkage=0.05


Tree=70
num_leaves=9
num_cat=0
split_feature=3 20 19 13 1 15 0 0
split_gain=0.626736 0.873563 0.812334 0.335317 0.445455 0.0744048 0.0545455 2.22045e-16
threshold=2134.0000000000005 9.5000000000000018 24.500000000000004 4.550311359855681 3.6699999570846562 0.43977630713230215 4.1804221323819748 7.040074989682032
decision_type=2 2 2 2 2 2 2 2
left_child=1 2 -1 4 6 7 -2 -5
right_child=3 -3 -4 5 -6 -7 -8 -9
leaf_value=0.00041884141672705801 0.00044142633294308941 0.0046913253822544881 -0.0017894960915061495 0.001154984839565601 -3.4823536467583283e-05 0.0022524257852232221 0.0021695359127891236 0.0031952650681919175
leaf_weight=16.000000000000004 10.000000000000002 19 12.999999999999998 86 9.9999999999999982 11.999999999999998 11.999999999999998 13.999999999999998
leaf_count=16 10 19 13 86 10 12 12 14
internal_value=0.00161458 -0.00333333 -0.0087931 0.00326389 -0.00125 0.00455357 0.00272727 0.005
internal_weight=192 48 29 144 32 112 22 100
internal_count=192 48 29 144 32 112 22 100
is_linear=0
shrinkage=0.05


Tree=71
num_leaves=12
num_cat=0
split_feature=0 5 10 6 10 3 10 3 1 0 3
split_gain=1.37012 1.15064 0.797802 0.41737 0.467308 0.15126 0.209524 0.075 1.11022e-16 5.55112e-17 2.77556e-17
threshold=5.0134544018919351 4.6767236471025244 6.7229239234581017 4.103237078304109 4.6061064683472752 2095.0000000000005 5.5701495274416502 2179.0000000000005 5.3112499713897714 4.5215254237146381 2546.0000000000005
decision_type=2 2 2 2 2 2 2 2 2 2 2
left_child=1 3 -3 -1 -5 6 -2 -6 -7 10 -9
right_child=5 2 -4 4 7 8 -8 9 -10 -11 -12
leaf_value=-0.00036102424822706492 0.016491577008064303 -0.00024186625935613588 -3.5498999274436179e-05 -0.00019453904595595776 0.00038851130300860369 0.020120080955149187 -0.0016123876854059493 0.00064180094426577851 0.0054648185738285062 2.7271041401410895e-05 0.00095850015590907194
leaf_weight=9.9999999999999982 11.000000000000002 13.000000000000002 14.999999999999998 11.999999999999998 9.9999999999999982 58 9.9999999999999982 10.000000000000005 23 9.9999999999999982 9.9999999999999982
leaf_count=10 11 13 15 12 10 58 10 10 23 10 10
internal_value=5.20835e-05 -0.00444444 -0.0128571 -0.000645161 0.00115385 0.00401961 0.000238095 0.00375 0.005 0.005 0.005
internal_weight=192 90 28 62 52 102 21 40 81 30 20
internal_count=192 90 28 62 52 102 21 40 81 30 20
is_linear=0
shrinkage=0.05


Tree=72
num_leaves=10
num_cat=0
split_feature=17 2 1 10 3 3 19 0 0
split_gain=1.28893 0.661642 0.695201 0.611983 0.318724 0.426877 0.272177 2.22045e-16 1.11022e-16
threshold=164.02300262451175 7.2962501049041757 3.8474999666213994 4.5893350323986537 2095.0000000000005 1901.0000000000002 33.500000000000007 7.2042184167242391 6.1923990105793942
decision_type=2 2 2 2 2 2 2 2 2
left_child=3 2 6 -1 5 -3 -2 8 -6
right_child=1 4 -4 -5 7 -7 -8 -9 -10
leaf_value=-0.00027547408452611581 -0.00098761214493275841 0.0084571180504804163 -7.043199099292111e-05 2.5408350353216624e-05 0.0020658921871116861 -0.00019256592122023297 0.0024563989868529729 0.0059515962470697726 0.02418519233682899
leaf_weight=17.000000000000004 16.000000000000004 12.000000000000002 9.9999999999999982 9.9999999999999982 46 10.999999999999998 14.999999999999998 11.999999999999998 43
leaf_count=17 16 12 10 10 46 11 15 12 43
internal_value=0.0003125 0.0019697 -0.00353659 -0.00981481 0.00379032 -0.00152174 0.000161291 0.005 0.005
internal_weight=192 165 41 27 124 23 31 101 89
internal_count=192 165 41 27 124 23 31 101 89
is_linear=0
shrinkage=0.05


Tree=73
num_leaves=10
num_cat=0
split_feature=4 6 19 3 16 6 3 14 0
split_gain=1.11909 1.09481 0.510411 0.371228 0.532581 0.500433 0.152381 0.209524 1.11022e-16
threshold=4.9663628077868269 4.7968603239798382 17.500000000000004 2163.0000000000005 122.96379852294923 4.5158388222695169 2095.0000000000005 6.4360311129106309 6.7910114115494409
decision_type=2 2 2 2 2 2 2 2 2
left_child=1 2 -1 -4 5 -5 7 -2 -8
right_child=6 -3 3 4 -6 -7 8 -9 -10
leaf_value=0.00063275399144957674 0.023940691348680345 -0.00030146064275319304 -0.00035399715063602177 4.5152054994535704e-05 0.00055401147798447728 -3.1463459171306134e-05 0.0069441874613586571 -0.0015221400050746258 0.0054932346081263033
leaf_weight=23 11.000000000000002 13.999999999999998 11.999999999999998 11.000000000000002 17 9.9999999999999982 55 9.9999999999999982 29
leaf_count=23 11 14 12 11 17 10 55 10 29
internal_value=0.000572917 -0.00362069 -0.00116438 -0.004 -0.00157895 -0.00690476 0.00404762 0.000238095 0.005
internal_weight=192 87 73 50 38 21 105 21 84
internal_count=192 87 73 50 38 21 105 21 84
is_linear=0
shrinkage=0.05


Tree=74
num_leaves=12
num_cat=0
split_feature=0 5 10 6 10 3 10 3 1 0 3
split_gain=1.37012 1.15064 0.797802 0.41737 0.467308 0.15126 0.209524 0.075 1.11022e-16 5.55112e-17 2.77556e-17
threshold=5.0134544018919351 4.6767236471025244 6.7229239234581017 4.103237078304109 4.6061064683472752 2095.0000000000005 5.5701495274416502 2179.0000000000005 5.3112499713897714 4.5215254237146381 2546.0000000000005
decision_type=2 2 2 2 2 2 2 2 2 2 2
left_child=1 3 -3 -1 -5 6 -2 -6 -7 10 -9
right_child=5 2 -4 4 7 8 -8 9 -10 -11 -12
leaf_value=-0.00031366539739793137 0.014047107694056555 -0.00031055167038621096 -1.5129417623377666e-05 -0.00015731534343334618 0.00043616620263659499 0.018663572924968206 -0.0014460330048208924 0.00061612341078721425 0.0044370001115925 4.4044109520037245e-05 0.00091659394933382764
leaf_weight=9.9999999999999982 11.000000000000002 13.000000000000002 14.999999999999998 11.999999999999998 9.9999999999999982 58 9.9999999999999982 10.000000000000005 23 9.9999999999999982 9.9999999999999982
leaf_count=10 11 13 15 12 10 58 10 10 23 10 10
internal_value=5.20835e-05 -0.00444444 -0.0128571 -0.000645161 0.00115385 0.00401961 0.000238095 0.00375 0.005 0.005 0.005
internal_weight=192 90 28 62 52 102 21 40 81 30 20
internal_count=192 90 28 62 52 102 21 40 81 30 20
is_linear=0
shrinkage=0.05


Tree=75
num_leaves=11
num_cat=0
split_feature=4 1 6 10 4 8 12 0 0 0
split_gain=1.55236 1.30801 0.616286 0.65 0.236014 0.490909 0.0897959 1.11022e-16 5.55112e-17 5.55112e-17
threshold=4.9663628077868269 3.8474999666213994 4.103237078304109 4.5893350323986537 4.5564086780032804 4.7650296077992049 7.2947170241460935 6.0731818971503371 5.7088608196914583 4.4415703234686648
decision_type=2 2 2 2 2 2 2 2 2 2
left_child=1 2 -1 -4 9 -6 7 8 -2 -5
right_child=6 -3 3 4 5 -7 -8 -9 -10 -11
leaf_value=-0.0016338309613597815 0.0012133140122698484 -0.00028709539106631774 -0.00013433982481533073 0.00066086630977676118 -0.0014959149275911052 0.0011908796680958661 -0.00041161301479119249 0.01806184121473825 0.0095796045588005131 4.4006624372826307e-05
leaf_weight=10.999999999999998 16.000000000000004 11.999999999999998 12.999999999999998 19.000000000000004 10.000000000000002 11.999999999999998 9.9999999999999982 58 13.999999999999998 10.999999999999998
leaf_count=11 16 12 13 19 10 12 10 58 14 11
internal_value=0.000161291 -0.00465909 -0.00223684 -0.000384615 0.00211538 -0.00181818 0.0044898 0.005 0.005 0.005
internal_weight=186 88 76 65 52 22 98 88 30 30
internal_count=186 88 76 65 52 22 98 88 30 30
is_linear=0
shrinkage=0.05


Tree=76
num_leaves=10
num_cat=0
split_feature=6 5 5 6 5 1 17 6 0
split_gain=0.866496 0.364598 0.872474 0.330167 0.982988 0.249784 0.078714 0.0655172 5.55112e-17
threshold=4.103237078304109 5.2851415982907186 4.8750027882286302 4.5158388222695169 4.5981589119276753 5.9575002193450937 194.01249694824222 4.6513951549685304 4.4565028638970832
decision_type=2 2 2 2 2 2 2 2 2
left_child=-1 2 3 8 -5 6 -3 -6 -2
right_child=1 5 -4 4 7 -7 -8 -9 -10
leaf_value=-0.0015521394132917959 0.00052367442283299769 0.0060457321155726919 -0.00032320227694827348 -0.0010577889456211726 4.0652916741551765e-07 -0.00030357634991015002 0.018108031913903515 1.8285503174346497e-05 0.0030127745059767082
leaf_weight=10.999999999999998 17.000000000000004 10.999999999999998 9.9999999999999982 13.999999999999998 10.000000000000002 11.999999999999998 71 19 10.999999999999998
leaf_count=11 17 11 10 14 10 12 71 19 11
internal_value=0.000430108 0.00128571 -0.00117284 0.000774648 -0.00197674 0.00340426 0.00439024 0.00327586 0.005
internal_weight=186 175 81 71 43 94 82 29 28
internal_count=186 175 81 71 43 94 82 29 28
is_linear=0
shrinkage=0.05


Tree=77
num_leaves=10
num_cat=0
split_feature=16 19 19 3 2 3 10 0 0
split_gain=0.347063 0.536398 0.606738 0.492501 0.346667 0.304762 0.0857143 5.55112e-17 5.55112e-17
threshold=120.2675018310547 37.500000000000007 24.500000000000004 2297.0000000000005 9.3487501144409197 2595.0000000000005 7.2772607611049382 4.8060745912532825 6.6618305459415383
decision_type=2 2 2 2 2 2 2 2 2
left_child=6 2 4 -4 7 -6 -1 -2 -3
right_child=1 8 3 -5 5 -7 -8 -9 -10
leaf_value=0.0040688088994504873 0.00030195296503228371 1.3439950375235448e-05 -0.0017657241960738646 -0.00030776492625595494 1.883995554628465e-06 -0.00022567901564336364 0.026743581118792825 0.018475919292886861 0.017954289331230718
leaf_weight=60 16.000000000000004 23 12.000000000000002 19 14.000000000000002 9.9999999999999982 9.9999999999999982 9.9999999999999982 11.999999999999998
leaf_count=60 16 23 12 19 14 10 10 10 12
internal_value=0.00150538 -0.000172414 -0.00240741 -0.00790323 0.001 -0.00333333 0.00428571 0.005 0.005
internal_weight=186 116 81 31 50 24 70 26 35
internal_count=186 116 81 31 50 24 70 26 35
is_linear=0
shrinkage=0.05


Tree=78
num_leaves=10
num_cat=0
split_feature=19 19 6 1 10 1 1 0 0
split_gain=0.387413 1.03725 0.902836 0.961538 0.307451 0.24 0.0866667 1.11022e-16 1.11022e-16
threshold=37.500000000000007 24.500000000000004 5.97205906789178 3.3550000190734868 4.4967361392305056 5.2612500190734872 3.5424998998641972 4.7650296077992049 7.2042184167242391
decision_type=2 2 2 2 2 2 2 2 2
left_child=1 4 3 -3 -1 -4 -6 -2 -8
right_child=7 2 5 -5 6 -7 8 -9 -10
leaf_value=-0.0001338795341895852 2.7020776137199559e-05 -0.0010530321485982112 0.011552655677266259 -0.0014671751074539913 0.00029738378132616899 -0.0020502295775790234 0.00077425077711988242 0.0033004800801735958 0.015726379023068164
leaf_weight=9.9999999999999982 21 13.000000000000002 15.000000000000002 12.999999999999998 9.9999999999999982 9.9999999999999982 55 29 9.9999999999999982
leaf_count=10 21 13 15 13 10 10 55 29 10
internal_value=0.00123656 -0.000147059 -0.00578431 -0.0123077 0.00323529 0.001 0.00433333 0.005 0.005
internal_weight=186 136 51 26 85 25 75 50 65
internal_count=186 136 51 26 85 25 75 50 65
is_linear=0
shrinkage=0.05


Tree=79
num_leaves=10
num_cat=0
split_feature=8 6 8 0 0 1 10 0 0
split_gain=1.04957 1.5682 0.825714 0.474103 0.261072 0.230476 0.182222 1.11022e-16 5.55112e-17
threshold=4.9096174213778134 4.5158388222695169 4.436448017068594 4.5798718542904666 4.103237078304109 5.9575002193450937 7.1607139651885037 6.7910114115494409 4.4565028638970832
decision_type=2 2 2 2 2 2 2 2 2
left_child=1 4 -3 -4 -1 6 7 -2 -6
right_child=5 2 3 -5 8 -7 -8 -9 -10
leaf_value=-0.0014064925807442373 0.0013615605508633412 0.00075546814321989951 -0.001077876953576383 -0.0001517547979985361 0.00017802999884318352 -0.00022295348020438325 0.0012880371138120203 0.014135885643631059 0.0028601127435805684
leaf_weight=10.999999999999998 61 9.9999999999999982 13.000000000000002 11.999999999999998 17.000000000000004 11.999999999999998 18 21 10.999999999999998
leaf_count=11 61 10 13 12 17 12 18 21 11
internal_value=0.000161291 -0.00445946 -0.0121429 -0.017 0.0024359 0.00321429 0.004 0.005 0.005
internal_weight=186 74 35 25 39 112 100 82 28
internal_count=186 74 35 25 39 112 100 82 28
is_linear=0
shrinkage=0.05


Tree=80
num_leaves=10
num_cat=0
split_feature=7 12 3 19 6 0 15 10 15
split_gain=1.93378 1.90442 0.692641 0.666667 0.514662 0.27974 0.204979 0.0712851 0.0642857
threshold=4.8750027882286302 4.5216873540864402 2546.0000000000005 23.500000000000004 4.103237078304109 7.1607139651885037 0.38317019725672002 7.2772607611049382 0.12610414046981455
decision_type=2 2 2 2 2 2 2 2 2
left_child=1 4 3 -3 -1 6 7 -2 -6
right_child=5 2 -4 -5 8 -7 -8 -9 -10
leaf_value=-0.0014729576017130598 0.0052925927802943765 -0.00037703411952478633 -0.00038342970505495048 -0.00014345762475999506 0.0012381830553273331 -0.00043101269700960535 -3.706390262322436e-05 0.028757755958344025 0.00066282771513009886
leaf_weight=9.9999999999999982 71 12.000000000000002 10.999999999999998 11.999999999999998 10.000000000000002 18 13.999999999999998 11.999999999999998 18
leaf_count=10 71 12 11 12 10 18 14 12 18
internal_value=-0.00164894 -0.0080137 -0.0164286 -0.0116667 -0.000263158 0.0023913 0.00345361 0.00439759 0.00321429
internal_weight=188 73 35 24 38 115 97 83 28
internal_count=188 73 35 24 38 115 97 83 28
is_linear=0
shrinkage=0.05


Tree=81
num_leaves=11
num_cat=0
split_feature=18 2 3 3 19 19 8 4 1 1
split_gain=1.38743 0.85538 0.402832 0.340909 0.288234 0.637404 0.607687 0.589655 0.08 5.55112e-17
threshold=2024.5000000000002 6.8662500381469735 2472.0000000000005 2546.0000000000005 37.500000000000007 20.500000000000004 6.4928588504523077 6.987162284307094 3.6962499618530278 5.4974999427795419
decision_type=2 2 2 2 2 2 2 2 2 2
left_child=1 2 -1 -2 5 8 -7 -8 -3 -10
right_child=3 4 -4 -5 -6 6 7 -9 9 -11
leaf_value=-0.001417374876588028 -6.0895042824560235e-05 0.00037615890438132642 1.0476475471103185e-05 -9.0619983269812638e-05 0.0024010784370890326 -0.00019688189937861129 0.014106032519857495 -0.0019150197898394027 0.027414941119570026 0.015062111114667138
leaf_weight=17.000000000000004 12.000000000000002 9.9999999999999982 9.9999999999999982 9.9999999999999982 46 13.999999999999998 19.000000000000004 9.9999999999999982 29 10.999999999999998
leaf_count=17 12 10 10 10 46 14 19 10 29 11
internal_value=-0.00138298 0.000180723 -0.00796296 -0.0131818 0.00176259 0.000161291 -0.00430233 -0.000172414 0.004 0.005
internal_weight=188 166 27 22 139 93 43 29 50 40
internal_count=188 166 27 22 139 93 43 29 50 40
is_linear=0
shrinkage=0.05


Tree=82
num_leaves=12
num_cat=0
split_feature=14 13 1 16 15 8 4 15 17 3 1
split_gain=1.73775 1.31517 0.802933 0.8 0.474888 0.317289 0.209524 0.181031 0.0791069 0.278788 1.11022e-16
threshold=4.909705412028603 4.3406586168248156 3.7099999189376835 123.05784988403322 0.081857505325873256 7.2042184167242391 4.368800610686562 0.38317019725672002 204.91699981689456 2247.0000000000005 5.0737500190734872
decision_type=2 2 2 2 2 2 2 2 2 2 2
left_child=1 6 3 -3 -2 7 -1 8 9 -6 -10
right_child=4 2 -4 -5 5 -7 -8 -9 10 -11 -12
leaf_value=-3.1432686499146998e-05 -0.00040390892027003907 -0.0013284409777980012 -0.00035972722168416815 0.00043677547675900037 -0.00056353436782547405 -0.00036312972117575454 0.0025639117806193802 -2.5366612523136559e-05 0.010837353935148989 0.00076110590611171689 0.013986711743577693
leaf_weight=10.000000000000002 10.999999999999998 10.000000000000005 10.999999999999998 9.9999999999999982 9.9999999999999982 15.999999999999998 10.999999999999998 13.999999999999998 43 23 19
leaf_count=10 11 10 11 10 10 16 11 14 43 23 19
internal_value=-0.00164894 -0.00942308 -0.0159677 -0.01 0.00132353 0.0022 0.000238095 0.00316514 0.00394737 0.0019697 0.005
internal_weight=188 52 31 20 136 125 21 109 95 33 62
internal_count=188 52 31 20 136 125 21 109 95 33 62
is_linear=0
shrinkage=0.05


Tree=83
num_leaves=11
num_cat=0
split_feature=13 14 1 15 19 19 2 6 1 0
split_gain=1.15828 1.001 1.8963 0.474 0.27013 0.527629 0.39692 0.467836 1.11022e-16 5.55112e-17
threshold=4.5350565755639076 4.3654527286098892 3.3887500762939458 0.081857505325873256 20.500000000000004 37.500000000000007 9.7587499618530291 5.97205906789178 4.9400000572204599 6.5712511431475331
decision_type=2 2 2 2 2 2 2 2 2 2
left_child=1 -1 -3 -2 8 6 7 -6 -5 -7
right_child=3 2 -4 4 5 9 -8 -9 -10 -11
leaf_value=0.003525002373370749 -0.00038371347425653453 -0.00041958226777780025 -0.00043162343947208997 0.00063519927111616937 -0.0001282632687654212 0.0015379686081503832 -0.00041910120787984275 0.013786079084753891 0.016286938495859955 0.015699476121707245
leaf_weight=9.9999999999999982 10.999999999999998 15.000000000000002 11.999999999999998 29 18 23 12.999999999999998 20 23 13.999999999999998
leaf_count=10 11 15 12 29 18 23 13 20 23 14
internal_value=-0.000585106 -0.00851351 -0.0135185 0.00135762 0.00214286 0.000454546 -0.00284314 -0.000263158 0.005 0.005
internal_weight=188 37 27 151 140 88 51 38 52 37
internal_count=188 37 27 151 140 88 51 38 52 37
is_linear=0
shrinkage=0.05


Tree=84
num_leaves=12
num_cat=0
split_feature=7 0 6 2 4 8 11 7 5 0 0
split_gain=0.933811 1.46726 1.00293 0.561039 0.304762 0.298029 0.238384 0.533333 0.0666667 1.11022e-16 5.55112e-17
threshold=4.8750027882286302 4.6184942331878096 4.103237078304109 9.3487501144409197 4.5564086780032804 7.2042184167242391 6.0880349205168249 6.0865574491651326 4.9945972170552295 7.2772607611049382 6.7910114115494409
decision_type=2 2 2 2 2 2 2 2 2 2 2
left_child=1 2 -1 -3 -4 6 7 8 -2 10 -8
right_child=5 3 4 -5 -6 -7 9 -9 -10 -11 -12
leaf_value=-0.0012410398155192127 0.0012244879359516747 -3.3942073909664191e-05 5.2729475618251085e-05 -0.0003301466437747674 -0.0012578495108115494 -0.00032401817472293542 0.029208494025424844 -0.00051585677854075582 0.0012465073736700658 0.012795323057401713 0.015728076460285022
leaf_weight=9.9999999999999982 10.000000000000002 11.000000000000002 32 9.9999999999999982 9.9999999999999982 15.999999999999998 29 9.9999999999999982 20 10.999999999999998 19
leaf_count=10 10 11 32 10 10 16 29 10 20 11 19
internal_value=-0.000851064 -0.00527397 -0.000769231 -0.0164286 0.00261905 0.00195652 0.0029798 1.86265e-10 0.00333333 0.005 0.005
internal_weight=188 73 52 21 42 115 99 40 30 59 48
internal_count=188 73 52 21 42 115 99 40 30 59 48
is_linear=0
shrinkage=0.05


Tree=85
num_leaves=11
num_cat=0
split_feature=2 2 15 4 15 6 15 2 10 0
split_gain=0.546405 0.636025 0.54809 0.969697 0.727273 0.336597 0.262967 0.0721768 0.0802708 1.11022e-16
threshold=6.8662500381469735 9.6849999427795428 0.30355535396713967 4.698516420344796 0.23049187018751779 4.6747499050756129 0.38317019725672002 9.3487501144409197 7.2772607611049382 6.7910114115494409
decision_type=2 2 2 2 2 2 2 2 2 2
left_child=5 6 3 -3 -5 -1 7 8 9 -2
right_child=1 2 -4 4 -6 -7 -8 -9 -10 -11
leaf_value=-0.0003624265507852012 0.00090403294218183822 0.00046477622313828869 0.013109898343422195 -0.00040352188846123785 -0.0001163542461486658 -0.00036283069684820806 -9.7464743917106756e-06 0.00038922578344313137 0.026969521920978567 0.016881803185110726
leaf_weight=15.000000000000002 71 10.999999999999998 12.999999999999998 11.000000000000002 10.999999999999998 10.999999999999998 10.999999999999998 9.9999999999999982 10.999999999999998 11.999999999999998
leaf_count=15 71 11 13 11 11 11 11 10 11 12
internal_value=0.000187166 0.00127329 -0.00369565 -0.00712121 -0.0131818 -0.00653846 0.00326087 0.00403846 0.00446809 0.005
internal_weight=187 161 46 33 22 26 115 104 94 83
internal_count=187 161 46 33 22 26 115 104 94 83
is_linear=0
shrinkage=0.05


Tree=86
num_leaves=13
num_cat=0
split_feature=17 3 7 2 8 2 0 0 1 0 0 0
split_gain=0.628639 0.691414 0.775758 0.742424 0.613636 0.54697 0.43188 0.218182 0.0863014 1.11022e-16 5.55112e-17 5.55112e-17
threshold=204.91699981689456 2458.0000000000005 4.4865725751075516 6.8662500381469735 4.4967361392305056 8.4974999427795428 7.1607139651885037 4.3768171004543248 4.0687499046325692 6.8881918729179317 4.6800499442743648 6.5273530784733325
decision_type=2 2 2 2 2 2 2 2 2 2 2 2
left_child=1 2 7 -4 -3 -5 8 -1 -2 11 -6 -10
right_child=6 4 3 5 10 -7 -8 -9 9 -11 -12 -13
leaf_value=0.0050810939188274855 0.0011029011734403442 -0.00010439963792929957 -0.0014980119023163671 9.9408864210359492e-05 2.8399133990960485e-05 -0.00086520390058075118 -0.00032096552478785297 -9.9327399183681925e-06 0.016148437368158332 0.011694549066249931 0.0015913062670637739 0.036742853273929822
leaf_weight=12.000000000000002 9.9999999999999982 10.999999999999998 10.999999999999998 12.000000000000002 23 9.9999999999999982 14.999999999999998 9.9999999999999982 29 14.999999999999998 9.9999999999999982 19
leaf_count=12 10 11 11 12 23 10 15 10 29 15 10 19
internal_value=-0.000347593 -0.00308081 -0.00681818 -0.0116667 0.00159091 -0.00636364 0.00272727 0.000454546 0.00431507 0.005 0.005 0.005
internal_weight=187 99 55 33 44 22 88 22 73 63 33 48
internal_count=187 99 55 33 44 22 88 22 73 63 33 48
is_linear=0
shrinkage=0.05


Tree=87
num_leaves=10
num_cat=0
split_feature=8 15 19 19 8 3 4 2 0
split_gain=0.573241 1.10983 0.340081 1.05629 0.818473 0.672222 0.209524 0.2 5.55112e-17
threshold=4.4967361392305056 0.14546841049610573 37.500000000000007 31.500000000000004 6.5132850250509984 2095.0000000000005 4.5725024981226552 9.9499998092651385 6.7229239234581017
decision_type=2 2 2 2 2 2 2 2 2
left_child=1 6 3 5 -5 -2 -1 -7 -4
right_child=2 -3 8 4 -6 7 -8 -9 -10
leaf_value=0.0019849122314723826 -0.0060149070376668556 -0.00028443921446344206 0.0012709036978407926 -0.00090881669978626952 0.0092908461181937432 0.00068187267189867248 -0.00023157280519420128 -2.2880825653419723e-05 0.013676889705326959
leaf_weight=11.000000000000005 9.9999999999999982 9.9999999999999982 29 13.000000000000002 10.999999999999998 64 9.9999999999999982 15.999999999999998 12.999999999999998
leaf_count=11 10 10 29 13 11 64 10 16 13
internal_value=-8.02137e-05 -0.00629032 0.00115385 -0.000263158 -0.00958333 0.00222222 0.000238095 0.00375 0.005
internal_weight=187 31 156 114 24 90 21 80 42
internal_count=187 31 156 114 24 90 21 80 42
is_linear=0
shrinkage=0.05


Tree=88
num_leaves=9
num_cat=0
split_feature=14 3 15 19 19 3 7 0
split_gain=0.791462 1.07744 0.640152 0.37213 0.612233 1.01146 0.238636 0.0756098
threshold=4.909705412028603 2561.0000000000005 0.153643389401944 24.500000000000004 37.500000000000007 2269.0000000000005 4.5300625263300311 4.8060745912532825
decision_type=2 2 2 2 2 2 2 2
left_child=1 2 6 -2 5 -5 -1 -6
right_child=3 -3 -4 4 7 -7 -8 -9
leaf_value=0.0021128789775417358 0.00077621440840611958 -0.00010524434521136275 -0.0008459482571208228 -0.0032643691674389681 -1.4123144349774012e-08 7.8822427400073353e-05 -3.0342085901150473e-05 0.0040640271757861291
leaf_weight=21 58 9.9999999999999982 11.999999999999998 14.999999999999998 9.9999999999999982 19 10.999999999999998 31
leaf_count=21 58 10 12 15 10 19 11 31
internal_value=-8.02137e-05 -0.00518518 -0.00181818 0.00199248 -0.000333333 -0.00529412 0.001875 0.00378049
internal_weight=187 54 44 133 75 34 32 41
internal_count=187 54 44 133 75 34 32 41
is_linear=0
shrinkage=0.05


Tree=89
num_leaves=11
num_cat=0
split_feature=12 5 19 0 1 5 6 10 0 18
split_gain=0.815726 0.764116 1.03091 0.451765 0.434677 0.53989 0.507837 0.0791444 1.11022e-16 2.77556e-17
threshold=5.5312812043098143 4.6767236471025244 37.500000000000007 7.1607139651885037 3.6162500381469731 4.4496188867746413 4.103237078304109 7.2772607611049382 6.7910114115494409 2024.5000000000002
decision_type=2 2 2 2 2 2 2 2 2 2
left_child=1 4 -3 7 5 6 -1 8 -2 -6
right_child=3 2 -4 -5 9 -7 -8 -9 -10 -11
leaf_value=-0.00086143802312594513 0.005285465855569476 -0.00027612799004821456 2.9036402940489648e-07 -0.00048683038287829412 0.0015220778789824477 -2.8824982225611142e-05 0.0004911587584935039 0.023845614463822277 0.012951238837335467 0.0004051347171897339
leaf_weight=11.000000000000002 53 14.000000000000002 10.999999999999998 14.999999999999998 10 10.999999999999998 18 10.999999999999998 21 12
leaf_count=11 53 14 11 15 10 11 18 11 21 12
internal_value=-8.02137e-05 -0.00362069 -0.011 0.003 -0.000645161 -0.00375 -0.000172414 0.00441176 0.005 0.005
internal_weight=187 87 25 100 62 40 29 85 74 22
internal_count=187 87 25 100 62 40 29 85 74 22
is_linear=0
shrinkage=0.05


Tree=90
num_leaves=11
num_cat=0
split_feature=4 4 6 12 3 4 2 15 10 3
split_gain=1.15092 1.51229 0.582082 0.633439 1.01175 0.342857 0.182671 0.266667 0.0857143 5.55112e-17
threshold=5.2481226866716346 4.8551971757407344 4.103237078304109 4.538818310335615 2561.0000000000005 4.6513951549685304 9.7587499618530291 0.30355535396713967 7.5276985382482797 2542.0000000000005
decision_type=2 2 2 2 2 2 2 2 2 2
left_child=1 2 -1 9 5 -5 8 -8 -2 -4
right_child=6 -3 3 4 -6 -7 7 -9 -10 -11
leaf_value=-0.00081836612718610849 0.012222924629204641 -0.00026975982704622198 0.00071900062733500417 -1.9997163946678565e-05 -4.2577102998911648e-05 0.00061328657239285761 -0.00012505725333210671 0.018880300215837892 0.019799302306537994 0.00053637600985267833
leaf_weight=10.999999999999998 60 10.999999999999998 17.000000000000004 14.000000000000002 10.999999999999998 15.999999999999998 15.000000000000002 11.999999999999998 9.9999999999999982 10.999999999999998
leaf_count=11 60 11 17 14 11 16 15 12 10 11
internal_value=-0.000851064 -0.00489011 -0.0025 -0.000797101 -0.0047561 1.86265e-10 0.00293814 -0.000555555 0.00428571 0.005
internal_weight=188 91 80 69 41 30 97 27 70 28
internal_count=188 91 80 69 41 30 97 27 70 28
is_linear=0
shrinkage=0.05


Tree=91
num_leaves=10
num_cat=0
split_feature=0 6 2 0 1 5 2 15 10
split_gain=1.88788 1.72981 0.788648 0.53878 1.15103 0.242424 0.182671 0.266667 0.0857143
threshold=5.2262162290559706 4.8121762378274457 8.8837499618530291 4.2248783860562531 3.6162500381469731 4.5785401702625839 9.7587499618530291 0.30355535396713967 7.5276985382482797
decision_type=2 2 2 2 2 2 2 2 2
left_child=1 2 3 -1 -5 -4 8 -8 -2
right_child=6 -3 5 4 -6 -7 7 -9 -10
leaf_value=-7.7909870864348573e-05 0.011825707446152875 -0.00030441495263621826 0.001171108498327896 -0.00033158670313588527 5.6427943278451009e-05 -4.044823998302838e-05 -0.00011880439066548421 0.017936285205045983 0.018809337191211098
leaf_weight=15.999999999999998 60 17 22 12.000000000000002 12.999999999999998 10.999999999999998 15.000000000000002 11.999999999999998 9.9999999999999982
leaf_count=16 60 17 22 12 13 11 15 12 10
internal_value=-0.00191489 -0.00708791 -0.00378378 -0.00841463 -0.013 0.0019697 0.00293814 -0.000555555 0.00428571
internal_weight=188 91 74 41 25 33 97 27 70
internal_count=188 91 74 41 25 33 97 27 70
is_linear=0
shrinkage=0.05


Tree=92
num_leaves=10
num_cat=0
split_feature=0 4 16 6 7 2 15 10 2
split_gain=1.49672 2.17144 0.538782 0.341915 0.344898 0.182671 0.266667 0.0857143 0.0714286
threshold=5.2262162290559706 4.8551971757407344 120.87485122680665 4.2454352421312516 4.7570904113530288 9.7587499618530291 0.30355535396713967 7.5276985382482797 8.8837499618530291
decision_type=2 2 2 2 2 2 2 2 2
left_child=1 2 -1 -4 8 7 -7 -2 -5
right_child=5 -3 3 4 -6 6 -8 -9 -10
leaf_value=-1.3022465429955678e-05 0.011234422073845216 -0.00036140888524405782 -0.00056078084514500214 0.00011863009820942516 -2.7213582223053445e-05 -0.0001128641711321995 0.017039470944793685 0.017868870331650546 0.0011408801680184218
leaf_weight=14.999999999999998 60 10.999999999999998 15.999999999999998 9.9999999999999982 13.999999999999998 15.000000000000002 11.999999999999998 9.9999999999999982 25
leaf_count=15 60 11 16 10 14 15 12 10 25
internal_value=-0.00138298 -0.00598901 -0.003125 -0.00115385 0.000918368 0.00293814 -0.000555555 0.00428571 0.00357143
internal_weight=188 91 80 65 49 97 27 70 35
internal_count=188 91 80 65 49 97 27 70 35
is_linear=0
shrinkage=0.05


Tree=93
num_leaves=11
num_cat=0
split_feature=0 4 15 3 3 19 2 15 10 0
split_gain=1.15092 2.40661 0.738409 0.806667 0.349091 0.693333 0.182671 0.266667 0.0857143 5.55112e-17
threshold=5.2262162290559706 4.8551971757407344 0.10573958196636647 2406.0000000000005 2437.0000000000005 16.500000000000004 9.7587499618530291 0.30355535396713967 7.5276985382482797 4.5987191523940405
decision_type=2 2 2 2 2 2 2 2 2 2
left_child=1 2 3 -1 9 -6 8 -8 -2 -4
right_child=6 -3 4 -5 5 -7 7 -9 -10 -11
leaf_value=-0.00042766594903050184 0.010672700970152956 -0.00034333844098187184 0.00023036773537675101 5.2197910596731865e-06 0.00032802555398947725 -0.00067466846615503407 -0.00010722096257557236 0.016187497397553992 0.016975426815068029 0.0017401437316459244
leaf_weight=10.000000000000002 60 10.999999999999998 19.000000000000004 14.999999999999998 13.000000000000002 11.999999999999998 15.000000000000002 11.999999999999998 9.9999999999999982 10.999999999999998
leaf_count=10 60 11 19 15 13 12 15 12 10 11
internal_value=-0.000851064 -0.00489011 -0.001875 -0.009 0.00136364 -0.003 0.00293814 -0.000555555 0.00428571 0.005
internal_weight=188 91 80 25 55 25 97 27 70 30
internal_count=188 91 80 25 55 25 97 27 70 30
is_linear=0
shrinkage=0.05


Tree=94
num_leaves=10
num_cat=0
split_feature=0 4 6 7 9 2 19 10 2
split_gain=0.850476 1.70954 0.3125 0.548847 1.18577 0.182671 0.229167 0.0857143 0.0756098
threshold=5.2262162290559706 4.8551971757407344 4.2454352421312516 4.7114946050068829 5.2559595454803185 9.7587499618530291 25.500000000000004 7.5276985382482797 6.6575000286102304
decision_type=2 2 2 2 2 2 2 2 2
left_child=1 2 -1 8 -5 7 -7 -2 -4
right_child=5 -3 3 4 -6 6 -8 -9 -10
leaf_value=-0.00050518344278416229 0.010139065921645325 -0.00032617151893277744 -0.00012457751054652764 -1.6092257168251624e-05 0.0011427340470466364 0.0080006074162594625 -0.00010149876720323578 0.016126655474314622 0.00048826903321052753
leaf_weight=15.999999999999998 60 10.999999999999998 9.9999999999999982 11.000000000000002 11.999999999999998 11.000000000000002 15.999999999999998 9.9999999999999982 31
leaf_count=16 60 11 10 11 12 11 16 10 31
internal_value=-0.000319149 -0.00379121 -0.00125 0.0003125 -0.00586956 0.00293814 -0.000555555 0.00428571 0.00378049
internal_weight=188 91 80 64 23 97 27 70 41
internal_count=188 91 80 64 23 97 27 70 41
is_linear=0
shrinkage=0.05


Tree=95
num_leaves=11
num_cat=0
split_feature=0 11 11 8 14 6 2 15 10 0
split_gain=0.992747 1.9503 0.818314 0.926195 0.347115 0.313043 0.188431 0.266667 0.0698198 1.11022e-16
threshold=5.2262162290559706 4.8448723567786027 4.5664960750912149 4.9096174213778134 4.4201516851208433 4.103237078304109 9.7587499618530291 0.30355535396713967 7.2772607611049382 6.7910114115494409
decision_type=2 2 2 2 2 2 2 2 2 2
left_child=1 2 5 4 -4 -1 8 -8 9 -2
right_child=6 -3 3 -5 -6 -7 7 -9 -10 -11
leaf_value=-0.00031464714165846148 0.011277848036511377 -0.00032334244984475694 -3.8031730876420384e-06 0.0013376710134490718 -0.00077799214596594422 0.00024341912807306131 -9.6784976086639832e-05 0.011772240605920786 0.01833665030870215 0.0084258205603129008
leaf_weight=9.9999999999999982 46 9.9999999999999982 10.000000000000002 10.999999999999998 15.999999999999998 36 15.000000000000002 11.999999999999998 11.999999999999998 15.999999999999998
leaf_count=10 46 10 10 11 16 36 15 12 12 16
internal_value=-0.000412371 -0.00413978 -0.00162651 -0.00716216 -0.0123077 0.00282609 0.0030198 -0.000555555 0.00432432 0.005
internal_weight=194 93 83 37 26 46 101 27 74 62
internal_count=194 93 83 37 26 46 101 27 74 62
is_linear=0
shrinkage=0.05


Tree=96
num_leaves=13
num_cat=0
split_feature=0 5 11 3 0 11 2 15 10 12 0 0
split_gain=0.992747 1.9503 0.467551 0.852088 0.254348 0.218182 0.188431 0.266667 0.0698198 0.05 1.11022e-16 5.55112e-17
threshold=5.2262162290559706 4.8750027882286302 4.5664960750912149 2531.0000000000005 4.281636610797233 4.7128449742528096 9.7587499618530291 0.30355535396713967 7.2772607611049382 4.2236789734650655 6.7910114115494409 4.4565028638970832
decision_type=2 2 2 2 2 2 2 2 2 2 2 2
left_child=1 2 4 5 9 -4 8 -8 10 -1 -2 -6
right_child=6 -3 3 -5 11 -7 7 -9 -10 -11 -12 -13
leaf_value=0.0039081946765958673 0.010713955634685827 -0.00030717532735254028 -0.00013374891283755231 -0.00020377772044928479 0.00020209835835000673 0.0010013018790518146 -9.1945727282295112e-05 0.011183628575624754 0.017419817793267022 -7.7882786243499977e-05 0.0080045295322972547 0.0010579287819756093
leaf_weight=10.000000000000002 46 9.9999999999999982 10.000000000000002 14.999999999999998 16.000000000000004 11.999999999999998 15.000000000000002 11.999999999999998 11.999999999999998 9.9999999999999982 15.999999999999998 9.9999999999999982
leaf_count=10 46 10 10 15 16 12 15 12 12 10 16 10
internal_value=-0.000412371 -0.00413978 -0.00162651 -0.00581081 0.00173913 0.000454546 0.0030198 -0.000555555 0.00432432 -0.0025 0.005 0.005
internal_weight=194 93 83 37 46 22 101 27 74 20 62 26
internal_count=194 93 83 37 46 22 101 27 74 20 62 26
is_linear=0
shrinkage=0.05


Tree=97
num_leaves=12
num_cat=0
split_feature=0 5 15 9 6 2 15 7 8 10 0
split_gain=0.716946 2.15655 0.371416 0.433245 0.637268 0.188431 0.266667 0.109091 0.2 0.0698198 1.11022e-16
threshold=5.2262162290559706 4.8750027882286302 0.11985202856695464 5.2559595454803185 4.5158388222695169 9.7587499618530291 0.30355535396713967 4.5981589119276753 4.7114946050068829 7.2772607611049382 6.7910114115494409
decision_type=2 2 2 2 2 2 2 2 2 2 2
left_child=1 2 3 4 -1 9 -7 -4 -9 10 -2
right_child=5 -3 7 -5 -6 6 -8 8 -10 -11 -12
leaf_value=0.00070626537035516741 0.010178257852951525 -0.00029181656098489452 0.00028031191894751205 6.3352576612781488e-05 -0.0007289036526452184 -8.7348440918167623e-05 0.010624447146843534 -7.1107150867486224e-05 0.00080745771727562055 0.016548826903603663 0.0076043030556823699
leaf_weight=13.000000000000002 46 9.9999999999999982 24 9.9999999999999982 15.999999999999998 15.000000000000002 11.999999999999998 10.000000000000002 9.9999999999999982 11.999999999999998 15.999999999999998
leaf_count=13 46 10 24 10 16 15 12 10 10 12 16
internal_value=0.000103093 -0.00306452 -0.000421687 -0.00397436 -0.00706897 0.0030198 -0.000555555 0.00272727 1.86265e-10 0.00432432 0.005
internal_weight=194 93 83 39 29 101 27 44 20 74 62
internal_count=194 93 83 39 29 101 27 44 20 74 62
is_linear=0
shrinkage=0.05


Tree=98
num_leaves=12
num_cat=0
split_feature=9 8 0 15 0 15 2 2 0 0 0
split_gain=0.973859 0.473899 0.589967 0.421484 1.24393 0.252101 0.471429 0.179669 1.11022e-16 5.55112e-17 2.77556e-17
threshold=4.2454352421312516 4.4443978012853522 4.4415703234686648 0.24613700815608669 5.2262162290559706 0.30355535396713967 8.6412501335144061 9.4049997329711932 6.5712511431475331 7.2042184167242391 6.4976135133179342
decision_type=2 2 2 2 2 2 2 2 2 2 2
left_child=-1 2 -2 7 -5 6 -6 8 -3 10 -7
right_child=1 3 -4 4 5 9 -8 -9 -10 -11 -12
leaf_value=-9.2772302535533191e-05 0.0011030893754317929 0.00051162356271024396 -0.00033113220139270523 -0.00038506178751700519 0.0094352648092945086 0.0035458364517619982 -0.0018780862878866171 5.2373557979629225e-05 0.0095496119810862343 0.017205137326917648 0.0059694239992487226
leaf_weight=13.999999999999998 13.000000000000002 58 9.9999999999999982 11.999999999999998 11.000000000000002 10.000000000000005 9.9999999999999982 18 18 9.9999999999999982 9.9999999999999982
leaf_count=14 13 58 10 12 11 10 10 18 18 10 10
internal_value=-0.000154639 0.000833334 -0.00586956 0.00181529 -0.00134921 0.00205882 -0.00214286 0.00393617 0.005 0.005 0.005
internal_weight=194 180 23 157 63 51 21 94 76 30 20
internal_count=194 180 23 157 63 51 21 94 76 30 20
is_linear=0
shrinkage=0.05


Tree=99
num_leaves=10
num_cat=0
split_feature=0 5 11 8 14 6 8 10 0
split_gain=0.980972 2.05213 0.611867 0.731809 0.700962 0.313043 0.189186 0.0717054 1.11022e-16
threshold=5.2262162290559706 4.8750027882286302 4.5664960750912149 4.9096174213778134 4.4201516851208433 4.103237078304109 7.2042184167242391 7.2772607611049382 7.040074989682032
decision_type=2 2 2 2 2 2 2 2 2
left_child=1 2 5 4 -4 -1 7 8 -2
right_child=6 -3 3 -5 -6 -7 -8 -9 -10
leaf_value=-0.00055353425415163794 0.0085059899013026664 -0.00025797264355980303 1.6860131312129585e-07 0.0013113014113736547 -0.00068548950349903745 0.00024064050198884673 -8.8733326198669773e-06 0.015707752931499473 0.005536022572391856
leaf_weight=9.9999999999999982 57 9.9999999999999982 10.000000000000002 10.999999999999998 15.999999999999998 36 14.999999999999998 11.999999999999998 17
leaf_count=10 57 10 10 11 16 36 15 12 17
internal_value=0.000103093 -0.00360215 -0.0010241 -0.00581081 -0.0103846 0.00282609 0.00351485 0.0044186 0.005
internal_weight=194 93 83 37 26 46 101 86 74
internal_count=194 93 83 37 26 46 101 86 74
is_linear=0
shrinkage=0.05


Tree=100
num_leaves=10
num_cat=0
split_feature=17 15 8 1 7 14 19 2 0
split_gain=0.897764 0.925487 0.474552 0.443228 0.599334 0.795214 1.14989 0.773809 0.0864865
threshold=204.91699981689456 0.24613700815608669 7.2042184167242391 3.3550000190734868 4.8003695990552844 4.3654527286098892 23.500000000000004 9.3487501144409197 5.3132531267468659
decision_type=2 2 2 2 2 2 2 2 2
left_child=1 3 8 -1 5 -5 7 -7 -2
right_child=2 -3 -4 4 -6 6 -8 -9 -10
leaf_value=0.00077307735051397196 4.9442672816535211e-05 -0.0010320492049399476 -0.00041101938748410512 0.0031796715126326588 0.0012005664453017732 0.0001589454018464093 -0.00045839886763981259 -0.00011593353292308986 0.0091232019437212444
leaf_weight=18 9.9999999999999982 18 13.999999999999998 11.999999999999998 14.999999999999998 13.000000000000002 12.999999999999998 14.999999999999998 64
leaf_count=18 10 18 14 12 15 13 13 15 64
internal_value=-0.000989583 -0.00413462 0.00272727 -0.00197674 -0.00382353 -0.00632075 -0.00963415 -0.00392857 0.00432432
internal_weight=192 104 88 86 68 53 41 28 74
internal_count=192 104 88 86 68 53 41 28 74
is_linear=0
shrinkage=0.05


Tree=101
num_leaves=11
num_cat=0
split_feature=9 13 13 10 19 1 0 2 0 0
split_gain=0.575429 0.666104 0.530303 0.527037 1.14844 1.47784 0.490909 0.162907 0.074359 1.11022e-16
threshold=4.5215254237146381 4.3406586168248156 4.5350565755639076 6.1967413388149559 23.500000000000004 4.0687499046325692 4.7650296077992049 9.7587499618530291 4.5215254237146381 6.7910114115494409
decision_type=2 2 2 2 2 2 2 2 2 2
left_child=1 -1 -3 7 8 6 -6 9 -5 -2
right_child=3 2 -4 4 5 -7 -8 -9 -10 -11
leaf_value=0.0034653626979298888 0.00064840362876395191 -0.00070335329432433258 -2.2094099502677116e-05 4.2517540291937437e-05 -0.00030665352912252948 -0.013581783216381448 0.00016008786721544963 3.1380820323726517e-05 0.002185137535038142 0.0053014124554061808
leaf_weight=15.999999999999998 53 10.000000000000002 10.999999999999998 9.9999999999999982 10.000000000000002 9.9999999999999982 11.999999999999998 19 29 11.999999999999998
leaf_count=16 53 10 11 10 10 10 12 19 29 12
internal_value=-0.000208333 -0.00581081 -0.0116667 0.00112903 -0.00204225 -0.0090625 -0.00181818 0.00380952 0.00371795 0.005
internal_weight=192 37 21 155 71 32 22 84 39 65
internal_count=192 37 21 155 71 32 22 84 39 65
is_linear=0
shrinkage=0.05


end of trees

feature_importances:
Column_0=180
Column_1=56
Column_6=53
Column_15=53
Column_2=47
Column_4=44
Column_3=38
Column_5=38
Column_10=36
Column_19=31
Column_7=27
Column_8=26
Column_14=23
Column_11=22
Column_12=15
Column_16=13
Column_17=9
Column_9=8
Column_13=6
Column_18=3
Column_20=3
Column_21=1

parameters:
[boosting: gbdt]
[objective: quantile]
[metric: quantile]
[tree_learner: serial]
[device_type: cpu]
[data_sample_strategy: bagging]
[data: ]
[valid: ]
[num_iterations: 800]
[learning_rate: 0.05]
[num_leaves: 31]
[num_threads: 0]
[seed: 42]
[deterministic: 0]
[force_col_wise: 0]
[force_row_wise: 0]
[histogram_pool_size: -1]
[max_depth: -1]
[min_data_in_leaf: 10]
[min_sum_hessian_in_leaf: 0.001]
[bagging_fraction: 0.9]
[pos_bagging_fraction: 1]
[neg_bagging_fraction: 1]
[bagging_freq: 5]
[bagging_seed: 400]
[bagging_by_query: 0]
[feature_fraction: 0.9]
[feature_fraction_bynode: 1]
[feature_fraction_seed: 30056]
[extra_trees: 0]
[extra_seed: 12879]
[early_stopping_round: 0]
[early_stopping_min_delta: 0]
[first_metric_only: 0]
[max_delta_step: 0]
[lambda_l1: 0]
[lambda_l2: 0]
[linear_lambda: 0]
[min_gain_to_split: 0]
[drop_rate: 0.1]
[max_drop: 50]
[skip_drop: 0.5]
[xgboost_dart_mode: 0]
[uniform_drop: 0]
[drop_seed: 17869]
[top_rate: 0.2]
[other_rate: 0.1]
[min_data_per_group: 100]
[max_cat_threshold: 32]
[cat_l2: 10]
[cat_smooth: 10]
[max_cat_to_onehot: 4]
[top_k: 20]
[monotone_constraints: ]
[monotone_constraints_method: basic]
[monotone_penalty: 0]
[feature_contri: ]
[forcedsplits_filename: ]
[refit_decay_rate: 0.9]
[cegb_tradeoff: 1]
[cegb_penalty_split: 0]
[cegb_penalty_feature_lazy: ]
[cegb_penalty_feature_coupled: ]
[path_smooth: 0]
[interaction_constraints: ]
[verbosity: -1]
[saved_feature_importance_type: 0]
[use_quantized_grad: 0]
[num_grad_quant_bins: 4]
[quant_train_renew_leaf: 0]
[stochastic_rounding: 1]
[linear_tree: 0]
[max_bin: 255]
[max_bin_by_feature: ]
[min_data_in_bin: 3]
[bin_construct_sample_cnt: 200000]
[data_random_seed: 175]
[is_enable_sparse: 1]
[enable_bundle: 1]
[use_missing: 1]
[zero_as_missing: 0]
[feature_pre_filter: 1]
[pre_partition: 0]
[two_round: 0]
[header: 0]
[label_column: ]
[weight_column: ]
[group_column: ]
[ignore_column: ]
[categorical_feature: ]
[forcedbins_filename: ]
[precise_float_parser: 0]
[parser_config_file: ]
[objective_seed: 16083]
[num_class: 1]
[is_unbalance: 0]
[scale_pos_weight: 1]
[sigmoid: 1]
[boost_from_average: 1]
[reg_sqrt: 0]
[alpha: 0.1]
[fair_c: 1]
[poisson_max_delta_step: 0.7]
[tweedie_variance_power: 1.5]
[lambdarank_truncation_level: 30]
[lambdarank_norm: 1]
[label_gain: ]
[lambdarank_position_bias_regularization: 0]
[eval_at: ]
[multi_error_top_k: 1]
[auc_mu_weights: ]
[num_machines: 1]
[local_listen_port: 12400]
[time_out: 120]
[machine_list_filename: ]
[machines: ]
[gpu_platform_id: -1]
[gpu_device_id: -1]
[gpu_use_dp: 0]
[num_gpu: 1]

end of parameters

pandas_categorical:null
